xof 0303txt 0032
template ColorRGBA {
 <35ff44e0-6c7c-11cf-8f52-0040333594a3>
 FLOAT red;
 FLOAT green;
 FLOAT blue;
 FLOAT alpha;
}

template ColorRGB {
 <d3e16e81-7835-11cf-8f52-0040333594a3>
 FLOAT red;
 FLOAT green;
 FLOAT blue;
}

template Material {
 <3d82ab4d-62da-11cf-ab39-0020af71e433>
 ColorRGBA faceColor;
 FLOAT power;
 ColorRGB specularColor;
 ColorRGB emissiveColor;
 [...]
}

template TextureFilename {
 <a42790e1-7810-11cf-8f52-0040333594a3>
 STRING filename;
}

template Frame {
 <3d82ab46-62da-11cf-ab39-0020af71e433>
 [...]
}

template Matrix4x4 {
 <f6f23f45-7686-11cf-8f52-0040333594a3>
 array FLOAT matrix[16];
}

template FrameTransformMatrix {
 <f6f23f41-7686-11cf-8f52-0040333594a3>
 Matrix4x4 frameMatrix;
}

template Vector {
 <3d82ab5e-62da-11cf-ab39-0020af71e433>
 FLOAT x;
 FLOAT y;
 FLOAT z;
}

template MeshFace {
 <3d82ab5f-62da-11cf-ab39-0020af71e433>
 DWORD nFaceVertexIndices;
 array DWORD faceVertexIndices[nFaceVertexIndices];
}

template Mesh {
 <3d82ab44-62da-11cf-ab39-0020af71e433>
 DWORD nVertices;
 array Vector vertices[nVertices];
 DWORD nFaces;
 array MeshFace faces[nFaces];
 [...]
}

template MeshMaterialList {
 <f6f23f42-7686-11cf-8f52-0040333594a3>
 DWORD nMaterials;
 DWORD nFaceIndexes;
 array DWORD faceIndexes[nFaceIndexes];
 [Material <3d82ab4d-62da-11cf-ab39-0020af71e433>]
}

template VertexElement {
 <f752461c-1e23-48f6-b9f8-8350850f336f>
 DWORD Type;
 DWORD Method;
 DWORD Usage;
 DWORD UsageIndex;
}

template DeclData {
 <bf22e553-292c-4781-9fea-62bd554bdd93>
 DWORD nElements;
 array VertexElement Elements[nElements];
 DWORD nDWords;
 array DWORD data[nDWords];
}

template XSkinMeshHeader {
 <3cf169ce-ff7c-44ab-93c0-f78f62d172e2>
 WORD nMaxSkinWeightsPerVertex;
 WORD nMaxSkinWeightsPerFace;
 WORD nBones;
}

template SkinWeights {
 <6f0d123b-bad2-4167-a0d0-80224f25fabb>
 STRING transformNodeName;
 DWORD nWeights;
 array DWORD vertexIndices[nWeights];
 array FLOAT weights[nWeights];
 Matrix4x4 matrixOffset;
}

template AnimTicksPerSecond {
 <9e415a43-7ba6-4a73-8743-b73d47e88476>
 DWORD AnimTicksPerSecond;
}

template Animation {
 <3d82ab4f-62da-11cf-ab39-0020af71e433>
 [...]
}

template AnimationSet {
 <3d82ab50-62da-11cf-ab39-0020af71e433>
 [Animation <3d82ab4f-62da-11cf-ab39-0020af71e433>]
}

template FloatKeys {
 <10dd46a9-775b-11cf-8f52-0040333594a3>
 DWORD nValues;
 array FLOAT values[nValues];
}

template TimedFloatKeys {
 <f406b180-7b3b-11cf-8f52-0040333594a3>
 DWORD time;
 FloatKeys tfkeys;
}

template AnimationKey {
 <10dd46a8-775b-11cf-8f52-0040333594a3>
 DWORD keyType;
 DWORD nKeys;
 array TimedFloatKeys keys[nKeys];
}


Material Mat__230000 {
 1.000000;1.000000;1.000000;1.000000;;
 10.000000;
 0.000000;0.000000;0.000000;;
 0.000000;0.000000;0.000000;;

 TextureFilename {
  "data/TEXTURE/ModelSkin/EnemyWolf/EnemyWolfSkin.dds";
 }

 TextureFilename {
  "data/TEXTURE/ModelSkin/EnemyWolf/EnemyWolfSkin.dds";
 }
}

Frame Bip01 {
 

 FrameTransformMatrix {
  0.000001,-0.104980,-0.994474,0.000000,0.000000,0.994474,-0.104980,0.000000,1.000000,-0.000000,0.000001,0.000000,0.000001,70.486842,25.641152,1.000000;;
 }

 Frame Bip01_Pelvis {
  

  FrameTransformMatrix {
   -0.000000,1.000000,-0.000001,0.000000,0.181155,0.000001,0.983455,0.000000,0.983455,0.000000,-0.181155,0.000000,0.000000,0.000000,0.000000,1.000000;;
  }

  Frame Bip01_Spine {
   

   FrameTransformMatrix {
    -0.044096,0.105769,0.993413,0.000000,-0.003303,0.994359,-0.106016,0.000000,-0.999022,-0.007956,-0.043497,0.000000,1.193802,2.089068,11.341240,1.000000;;
   }

   Frame Bip01_Spine1 {
    

    FrameTransformMatrix {
     0.993930,0.053581,-0.096089,0.000000,-0.053328,0.998563,0.005198,0.000000,0.096230,-0.000043,0.995359,0.000000,16.130030,0.000000,-0.012726,1.000000;;
    }

    Frame Bip01_Spine2 {
     

     FrameTransformMatrix {
      0.940887,0.065541,-0.332318,0.000000,-0.061782,0.997850,0.021877,0.000000,0.333038,-0.000052,0.942914,0.000000,16.042966,0.000001,-0.015877,1.000000;;
     }

     Frame Bip01_Spine3 {
      

      FrameTransformMatrix {
       1.000000,0.000000,0.000000,0.000000,0.000000,1.000000,0.000000,0.000000,0.000000,0.000000,1.000000,0.000000,21.153499,0.000000,-0.006695,1.000000;;
      }

      Frame Bip01_Neck {
       

       FrameTransformMatrix {
        0.995824,0.000000,0.091297,0.000000,-0.000000,1.000000,-0.000000,0.000000,-0.091297,-0.000000,0.995824,0.000000,3.046341,-0.000029,-13.363468,1.000000;;
       }

       Frame Bip01_Neck1 {
        

        FrameTransformMatrix {
         1.000000,0.000000,-0.000000,0.000000,0.000000,1.000000,0.000000,0.000000,-0.000000,0.000000,1.000000,0.000000,13.188446,0.000000,-0.010506,1.000000;;
        }

        Frame Bip01_Neck2 {
         

         FrameTransformMatrix {
          1.000000,0.000000,-0.000000,0.000000,0.000000,1.000000,0.000000,0.000000,-0.000000,0.000000,1.000000,0.000000,13.188454,0.000000,-0.010506,1.000000;;
         }

         Frame Bip01_Head {
          

          FrameTransformMatrix {
           0.698118,-0.018660,0.715740,0.000000,0.045688,0.998784,-0.018524,0.000000,-0.714524,0.045633,0.698121,0.000000,13.188446,0.000000,0.000000,1.000000;;
          }

          Frame Bip01_Ponytail1 {
           

           FrameTransformMatrix {
            -0.758798,-0.284752,-0.585783,0.000000,-0.341457,0.939785,-0.014526,0.000000,0.554647,0.188997,-0.810338,0.000000,-4.026981,-8.323555,-9.479744,1.000000;;
           }
          }

          Frame Bip01_Ponytail2 {
           

           FrameTransformMatrix {
            -0.758798,0.284749,-0.585785,0.000000,0.341460,0.939784,0.014516,0.000000,0.554645,-0.189007,-0.810337,0.000000,-4.381836,7.487955,-10.139977,1.000000;;
           }
          }

          Frame Bone01 {
           

           FrameTransformMatrix {
            0.998307,-0.000001,-0.058160,0.000000,-0.000001,-1.000000,0.000004,0.000000,-0.058160,-0.000004,-0.998307,0.000000,0.679813,-0.000244,6.459663,1.000000;;
           }
          }
         }
        }

        Frame Bone02 {
         

         FrameTransformMatrix {
          -0.664031,-0.000000,-0.747705,0.000000,-0.000003,-1.000000,0.000003,0.000000,-0.747706,0.000004,0.664031,0.000000,12.812042,-0.000245,-13.498994,1.000000;;
         }
        }
       }

       Frame Bip01_L_Clavicle {
        

        FrameTransformMatrix {
         -0.276295,0.196548,0.940760,0.000000,0.960877,0.076268,0.266269,0.000000,-0.019415,0.977523,-0.209931,0.000000,0.772446,9.245512,11.377342,1.000000;;
        }

        Frame Bip01_L_UpperArm {
         

         FrameTransformMatrix {
          0.981310,-0.142384,-0.129455,0.000000,0.144570,0.101474,0.984278,0.000000,-0.127009,-0.984596,0.120162,0.000000,20.881206,0.000004,-0.000004,1.000000;;
         }

         Frame Bip01_L_Forearm {
          

          FrameTransformMatrix {
           0.896514,-0.000000,-0.443016,0.000000,0.000000,1.000000,0.000000,0.000000,0.443016,0.000000,0.896514,0.000000,23.811592,-0.000002,0.000002,1.000000;;
          }

          Frame Bip01_L_Hand {
           

           FrameTransformMatrix {
            0.843370,-0.034382,-0.536233,0.000000,0.535724,-0.023387,0.844069,0.000000,-0.041562,-0.999135,-0.001305,0.000000,22.067251,0.000001,0.000000,1.000000;;
           }

           Frame Bip01_L_Finger0 {
            

            FrameTransformMatrix {
             0.737642,-0.675192,-0.000538,0.000000,0.675193,0.737641,0.000587,0.000000,-0.000000,-0.000796,1.000000,0.000000,14.660347,-1.681496,0.344748,1.000000;;
            }
           }
          }
         }
        }
       }

       Frame Bip01_R_Clavicle {
        

        FrameTransformMatrix {
         -0.142192,-0.206458,0.968068,0.000000,-0.989646,0.048959,-0.134920,0.000000,-0.019540,-0.977230,-0.211282,0.000000,0.772442,-9.245466,11.377396,1.000000;;
        }

        Frame Bip01_R_UpperArm {
         

         FrameTransformMatrix {
          0.779282,0.571550,-0.257005,0.000000,-0.292707,-0.030655,-0.955711,0.000000,-0.554115,0.819995,0.143408,0.000000,20.881206,-0.000004,-0.000002,1.000000;;
         }

         Frame Bip01_R_Forearm {
          

          FrameTransformMatrix {
           0.880790,0.000000,-0.473507,0.000000,-0.000000,1.000000,-0.000000,0.000000,0.473507,0.000000,0.880790,0.000000,23.811581,0.000002,-0.000002,1.000000;;
          }

          Frame Bip01_R_Hand {
           

           FrameTransformMatrix {
            0.854864,0.008084,-0.518789,0.000000,-0.518843,0.019181,-0.854654,0.000000,0.003042,0.999783,0.020592,0.000000,22.067258,-0.000001,0.000000,1.000000;;
           }

           Frame Bip01_R_Finger0 {
            

            FrameTransformMatrix {
             0.518936,0.854813,-0.000681,0.000000,-0.854813,0.518936,-0.000413,0.000000,-0.000000,0.000796,1.000000,0.000000,14.660341,1.681490,0.344748,1.000000;;
            }
           }
          }
         }
        }
       }

       Frame Bone03 {
        

        FrameTransformMatrix {
         -0.745579,0.000000,-0.666418,0.000000,-0.000003,-1.000000,0.000003,0.000000,-0.666418,0.000004,0.745578,0.000000,2.237946,-0.000191,-15.713288,1.000000;;
        }
       }
      }
     }
    }
   }

   Frame Bip01_L_Thigh {
    

    FrameTransformMatrix {
     0.414123,0.131490,0.900674,0.000000,0.080151,-0.990935,0.107815,0.000000,0.906685,0.027541,-0.420908,0.000000,-10.491924,7.993471,1.631653,1.000000;;
    }

    Frame Bip01_L_Calf {
     

     FrameTransformMatrix {
      0.440358,0.000000,-0.897823,0.000000,0.000000,1.000000,0.000000,0.000000,0.897822,-0.000000,0.440357,0.000000,24.618526,0.000001,-0.000003,1.000000;;
     }

     Frame Bip01_L_HorseLink {
      

      FrameTransformMatrix {
       0.485737,0.000000,0.874105,0.000000,-0.000000,1.000000,0.000000,0.000000,-0.874105,0.000000,0.485737,0.000000,22.294616,-0.000001,0.000000,1.000000;;
      }

      Frame Bip01_L_Foot {
       

       FrameTransformMatrix {
        0.966736,0.107363,-0.232152,0.000000,-0.062402,0.979213,0.192999,0.000000,0.248047,-0.172093,0.953340,0.000000,24.726272,-0.000001,0.000004,1.000000;;
       }

       Frame Bip01_L_Toe0 {
        

        FrameTransformMatrix {
         0.046668,-0.000000,0.998911,0.000000,0.000000,1.000000,0.000000,0.000000,-0.998911,0.000000,0.046668,0.000000,7.433360,-0.000002,7.972321,1.000000;;
        }
       }
      }
     }
    }
   }

   Frame Bip01_R_Thigh {
    

    FrameTransformMatrix {
     0.087484,-0.033654,0.995597,0.000000,-0.041026,-0.998703,-0.030154,0.000000,0.995321,-0.038208,-0.088751,0.000000,-12.377758,-9.735438,1.773483,1.000000;;
    }

    Frame Bip01_R_Calf {
     

     FrameTransformMatrix {
      0.685436,0.000000,-0.728133,0.000000,-0.000000,1.000000,0.000000,0.000000,0.728133,0.000000,0.685436,0.000000,24.618526,0.000001,0.000000,1.000000;;
     }

     Frame Bip01_R_HorseLink {
      

      FrameTransformMatrix {
       0.438645,0.000000,0.898660,0.000000,-0.000000,1.000000,0.000000,0.000000,-0.898660,0.000000,0.438645,0.000000,22.294613,0.000000,0.000000,1.000000;;
      }

      Frame Bip01_R_Foot {
       

       FrameTransformMatrix {
        0.969626,-0.069508,-0.234509,0.000000,0.005820,0.965057,-0.261975,0.000000,0.244524,0.252653,0.936149,0.000000,24.726269,-0.000001,0.000000,1.000000;;
       }

       Frame Bip01_R_Toe0 {
        

        FrameTransformMatrix {
         0.046669,-0.000000,0.998910,0.000000,0.000000,1.000000,-0.000000,0.000000,-0.998911,0.000000,0.046669,0.000000,7.433361,0.000000,7.972321,1.000000;;
        }
       }
      }
     }
    }
   }

   Frame Bip01_Tail {
    

    FrameTransformMatrix {
     -0.942182,-0.067347,0.328264,0.000000,-0.058158,0.997594,0.037742,0.000000,-0.330016,0.016469,-0.943832,0.000000,-31.542096,-2.402890,1.352631,1.000000;;
    }

    Frame Bip01_Tail1 {
     

     FrameTransformMatrix {
      0.943318,-0.099263,-0.316699,0.000000,0.094076,0.995061,-0.031668,0.000000,0.318278,0.000079,0.947998,0.000000,15.430158,-0.000000,-0.011650,1.000000;;
     }

     Frame Bip01_Tail2 {
      

      FrameTransformMatrix {
       0.948638,-0.000001,-0.316365,0.000000,0.000001,1.000000,-0.000000,0.000000,0.316365,-0.000000,0.948638,0.000000,15.430168,0.000000,-0.011658,1.000000;;
      }

      Frame Bip01_Tail3 {
       

       FrameTransformMatrix {
        0.915054,-0.000001,-0.403332,0.000000,0.000001,1.000000,-0.000000,0.000000,0.403332,-0.000000,0.915054,0.000000,15.427837,-0.000001,-0.014114,1.000000;;
       }

       Frame Bip01_Tail4 {
        

        FrameTransformMatrix {
         0.901118,-0.000001,-0.433574,0.000000,0.000001,1.000000,-0.000000,0.000000,0.433574,-0.000000,0.901118,0.000000,19.352960,0.000000,-0.016945,1.000000;;
        }
       }
      }
     }
    }
   }
  }
 }
}

Frame _230000 {
 

 FrameTransformMatrix {
  1.000000,0.000000,0.000000,0.000000,0.000000,1.000000,0.000000,0.000000,0.000000,0.000000,1.000000,0.000000,0.000000,0.000000,0.000000,1.000000;;
 }

 Mesh _230000 {
  852;
  10.388486;80.164506;13.489960;,
  0.000000;84.739027;30.727293;,
  9.814684;81.057958;31.129104;,
  0.000000;85.132307;13.317058;,
  21.103531;65.818944;-12.546052;,
  8.294859;54.558707;-32.127990;,
  22.102558;65.291642;-21.143517;,
  14.915683;53.401360;-13.623578;,
  14.452704;69.393267;15.302509;,
  12.712961;80.665856;0.411660;,
  10.388486;80.164506;13.489960;,
  16.230066;67.092755;0.127871;,
  6.141192;113.262515;-53.905619;,
  15.489891;97.613286;-44.989472;,
  10.901108;103.443654;-56.374189;,
  7.366150;108.894144;-39.755546;,
  18.427901;69.768755;30.764877;,
  16.792168;51.382182;21.436810;,
  14.452704;69.393267;15.302509;,
  19.009094;56.991885;33.337261;,
  16.971904;63.966150;44.257843;,
  17.558482;56.721114;43.874787;,
  8.744587;77.366957;42.937757;,
  0.000000;79.205613;44.388858;,
  5.651355;114.089011;-65.681229;,
  10.535931;105.713830;-65.754445;,
  5.896274;114.573978;-61.722227;,
  5.882323;66.204666;-56.812026;,
  0.000000;78.470291;-65.341453;,
  5.527197;80.255923;-64.389722;,
  0.000000;66.113299;-58.279046;,
  12.992033;-0.130703;41.893034;,
  16.723288;-0.238647;28.173344;,
  16.994862;-0.048586;41.182816;,
  14.552237;-0.238658;27.585546;,
  10.117067;-0.238658;27.608371;,
  11.364680;-0.238658;27.223517;,
  9.704506;-0.130703;40.509526;,
  9.255998;2.344697;32.191315;,
  10.889528;7.772218;36.512771;,
  12.272876;5.293998;32.734269;,
  6.494805;5.201329;38.878819;,
  13.807830;11.578030;40.697690;,
  16.754666;6.784542;48.323680;,
  14.796125;7.095845;38.355056;,
  15.096888;11.969270;48.936198;,
  10.997598;11.610373;51.269226;,
  12.309294;6.701774;50.894160;,
  14.262483;33.941690;54.523091;,
  10.160716;30.798182;57.457293;,
  13.447098;29.683648;42.910624;,
  11.594636;39.559142;24.986488;,
  14.130458;36.865517;38.015552;,
  10.398438;35.465603;36.152419;,
  16.547789;41.072816;28.170192;,
  15.575962;39.769296;46.671254;,
  10.168142;29.165910;41.251286;,
  6.459087;39.283462;46.218173;,
  10.398438;35.465603;36.152419;,
  5.809116;32.796550;52.444957;,
  2.740247;50.788214;42.325942;,
  11.594636;39.559142;24.986488;,
  11.412335;59.858458;11.073436;,
  12.015726;49.248208;16.745851;,
  17.677568;0.056343;-39.060285;,
  9.679730;0.048097;-43.366090;,
  18.900184;0.029580;-46.523453;,
  12.111703;0.249122;-38.859792;,
  17.549168;16.833446;-34.326797;,
  16.714059;32.983392;-39.101475;,
  17.500301;31.945629;-34.669037;,
  16.952342;18.290582;-39.513926;,
  13.518858;15.489115;-41.307536;,
  9.548481;4.853251;-42.931587;,
  9.569060;13.685186;-38.688362;,
  13.654731;6.289385;-46.371690;,
  13.940123;31.729827;-28.875709;,
  14.192302;15.888317;-31.098029;,
  16.916250;38.215968;-40.035504;,
  18.399757;37.142461;-34.955869;,
  8.470392;38.517680;-35.375206;,
  12.773344;33.050298;-40.424656;,
  8.983233;32.138061;-35.676342;,
  12.690171;38.755366;-41.800307;,
  11.825226;56.849344;-47.214182;,
  6.008102;55.942387;-37.189942;,
  13.993181;55.785318;-24.164357;,
  8.470392;38.517680;-35.375206;,
  11.433210;37.306650;-26.072538;,
  6.008102;55.942387;-37.189942;,
  16.775450;37.091613;-28.011530;,
  19.179394;55.190093;-27.497005;,
  21.310741;54.267962;-34.800752;,
  18.704267;53.684570;-43.113494;,
  0.000000;51.137715;-32.941450;,
  6.008102;55.942387;-37.189942;,
  0.000000;54.274630;-41.894582;,
  8.269470;47.870541;87.312666;,
  0.000000;52.404672;70.615418;,
  7.243488;55.083878;71.977728;,
  0.000000;45.279766;86.512397;,
  11.659930;52.074931;47.910400;,
  16.441130;49.100458;39.278086;,
  10.876692;41.464352;52.133453;,
  6.037697;57.455008;-48.213974;,
  0.000000;56.519110;-48.477978;,
  11.035885;11.904275;38.718582;,
  10.168142;29.165910;41.251286;,
  17.268021;14.626546;-40.188730;,
  18.183653;5.224186;-44.761482;,
  22.102558;65.291642;-21.143517;,
  23.361264;63.266854;-29.226662;,
  8.459523;62.116685;49.987274;,
  10.749554;56.743002;48.775776;,
  16.318731;3.926896;34.634048;,
  11.035885;11.904275;38.718582;,
  7.077260;11.949574;47.846195;,
  9.424733;35.459898;58.993818;,
  3.836072;72.910163;48.145245;,
  4.640102;68.485651;49.334739;,
  11.952965;73.644218;43.097997;,
  13.039071;18.824283;-40.470483;,
  9.481874;17.114125;-37.410730;,
  9.569060;13.685186;-38.688362;,
  14.594234;12.147306;-33.679578;,
  9.481874;17.114125;-37.410730;,
  0.000000;64.835917;49.289674;,
  4.405696;60.738650;50.039197;,
  2.683862;65.478266;50.478992;,
  0.000000;60.210765;49.135776;,
  21.293715;67.211706;-45.495888;,
  10.846587;67.754374;-55.962643;,
  15.911290;80.966528;-49.510243;,
  11.825226;56.849344;-47.214182;,
  0.000000;49.342000;-13.543864;,
  19.814011;87.793792;-21.745114;,
  17.932309;82.120154;-9.538662;,
  19.868787;89.569709;-33.518582;,
  22.882653;71.503942;-35.164253;,
  10.846134;92.818842;-67.616646;,
  12.265950;89.493485;-60.007251;,
  6.192514;87.165517;-71.793363;,
  0.000000;84.210080;-72.961946;,
  12.690736;55.232973;-0.355974;,
  0.000000;52.515744;0.448105;,
  17.498330;13.142257;-36.320867;,
  8.983233;32.138061;-35.676342;,
  0.000000;86.810675;0.484721;,
  0.000000;96.311066;-13.524603;,
  8.535766;105.490080;-33.109098;,
  0.000000;75.457664;49.522970;,
  20.334678;0.540169;-51.759123;,
  19.630083;4.168532;-50.372701;,
  0.000000;57.233958;89.716902;,
  7.964939;45.506099;104.693472;,
  0.000000;51.987971;104.986726;,
  18.230128;4.177504;-39.447750;,
  0.957535;62.456544;73.683187;,
  11.412335;59.858458;11.073436;,
  0.000000;52.098240;31.669411;,
  0.000000;85.132307;13.317058;,
  5.824032;98.981478;-20.170109;,
  9.759537;101.928390;-26.154939;,
  2.683862;65.478266;50.478992;,
  0.000000;59.649280;58.812749;,
  0.000000;64.835917;49.289674;,
  5.118101;61.292870;58.958995;,
  3.836072;72.910163;48.145245;,
  0.000000;69.837990;59.919066;,
  1.917047;67.710707;59.230662;,
  0.000000;75.457664;49.522970;,
  4.640102;68.485651;49.334739;,
  0.000000;63.520173;74.027405;,
  11.865225;0.974653;-53.567078;,
  14.089664;0.911372;-53.734714;,
  14.777640;3.642041;-37.813968;,
  21.293715;67.211706;-45.495888;,
  22.882653;71.503942;-35.164253;,
  22.987706;61.117850;-37.032067;,
  10.117067;-0.238658;27.608371;,
  11.364680;-0.238658;27.223517;,
  16.723288;-0.238647;28.173344;,
  14.552237;-0.238658;27.585546;,
  16.774422;3.297829;-52.390218;,
  19.554066;3.474402;-53.821402;,
  12.186254;3.650727;-52.325446;,
  12.883006;3.171384;-54.234330;,
  11.865225;0.974653;-53.567078;,
  18.662059;-0.320785;32.538131;,
  12.391503;-0.238658;27.404522;,
  6.013394;-0.238647;32.013130;,
  10.889528;7.772218;36.512771;,
  6.494805;5.201329;38.878819;,
  6.013394;-0.238647;32.013130;,
  4.567980;54.892704;46.638947;,
  15.978122;3.184384;-53.870317;,
  16.593947;0.986889;-53.030829;,
  8.649184;1.016838;-52.334890;,
  12.883006;3.171384;-54.234330;,
  13.925186;5.366284;-51.572746;,
  9.808502;4.008653;-52.698691;,
  8.649184;1.016838;-52.334890;,
  15.978122;3.184384;-53.870317;,
  16.593947;0.986889;-53.030829;,
  9.548481;4.853251;-42.931587;,
  9.679730;0.048097;-43.366090;,
  13.993181;55.785318;-24.164357;,
  12.916223;-0.238658;22.902733;,
  12.916223;-0.238658;22.902733;,
  12.980385;4.745520;27.126704;,
  8.898742;2.556280;27.446061;,
  8.330245;-0.238658;24.002702;,
  8.330245;-0.238658;24.002702;,
  18.425464;4.089730;28.881555;,
  19.385290;-0.238658;24.570208;,
  9.954866;-0.175224;-58.152518;,
  9.954866;-0.175224;-58.152518;,
  9.944817;3.268701;-54.548986;,
  14.124595;0.193324;-58.480781;,
  14.124595;0.193324;-58.480781;,
  14.269056;4.894788;-55.364698;,
  20.278002;-0.181866;-57.199354;,
  0.000000;52.330778;42.445274;,
  0.000000;40.905210;104.294573;,
  8.649184;1.016838;-52.334890;,
  0.000000;52.098240;31.669411;,
  12.015726;49.248208;16.745851;,
  11.412335;59.858458;11.073436;,
  0.000000;46.272880;130.082150;,
  5.155694;41.416070;116.105382;,
  0.000000;40.411734;116.711552;,
  0.000000;93.080282;-82.251744;,
  6.528708;95.759168;-85.568378;,
  6.294478;91.918374;-82.394445;,
  0.000000;96.880250;-85.522662;,
  5.793780;97.683443;-92.592102;,
  3.553033;97.540710;-100.913216;,
  3.347711;100.590502;-95.566195;,
  5.714376;96.007174;-98.842880;,
  5.058575;89.969235;-88.370054;,
  0.000000;90.861869;-88.748314;,
  5.309654;87.265984;-86.593190;,
  7.737334;91.294592;-80.728960;,
  5.262557;84.949434;-93.175910;,
  0.000000;88.228621;-97.585606;,
  5.116668;88.020096;-94.345658;,
  0.000000;86.131699;-97.621094;,
  0.000000;115.345472;-79.277158;,
  5.758228;110.719309;-84.635642;,
  0.000000;111.474522;-85.419053;,
  5.548031;114.748890;-79.138528;,
  8.090854;96.809830;-82.961542;,
  8.334130;112.111283;-76.308909;,
  7.945088;106.103238;-87.571693;,
  11.928762;94.933152;-73.457075;,
  6.904414;88.440211;-80.111053;,
  10.881414;95.649427;-78.025619;,
  0.000000;98.459885;-103.539968;,
  4.505669;95.928365;-102.743347;,
  0.000000;97.226534;-104.477395;,
  5.525435;101.471149;-89.427168;,
  6.822904;98.557696;-87.757101;,
  0.000000;98.907469;-101.204986;,
  2.331122;94.727379;-103.032851;,
  0.000000;95.265261;-103.716256;,
  0.000000;84.210080;-72.961946;,
  6.192514;87.165517;-71.793363;,
  0.000000;85.567002;-81.031840;,
  0.000000;115.749645;-71.492378;,
  5.220753;93.269005;-101.424922;,
  6.042786;93.456032;-98.723456;,
  4.865682;89.842362;-94.900326;,
  3.518728;87.859213;-93.726938;,
  4.500896;88.384883;-91.863770;,
  4.453751;89.075226;-95.709914;,
  4.865682;89.842362;-94.900326;,
  5.285614;87.271347;-94.658112;,
  5.314806;89.094701;-96.052704;,
  4.500896;88.384883;-91.863770;,
  4.361322;94.860301;-101.079354;,
  2.998768;91.258170;-98.386234;,
  2.187447;95.159174;-99.637453;,
  4.025475;90.561357;-98.821594;,
  4.573798;96.176659;-97.417222;,
  4.025475;90.561357;-98.821594;,
  4.361322;94.860301;-101.079354;,
  4.191944;91.766912;-97.276115;,
  3.710131;95.911974;-92.948646;,
  4.543583;95.638003;-93.746976;,
  4.265761;93.546157;-90.935789;,
  4.543583;95.638003;-93.746976;,
  4.543585;96.173600;-92.172403;,
  3.259365;97.376250;-89.243117;,
  4.019274;96.357293;-91.347757;,
  3.765984;93.970374;-88.220512;,
  4.019274;96.357293;-91.347757;,
  4.019273;97.511859;-88.569203;,
  5.933689;95.083629;-92.573286;,
  4.584945;92.121402;-101.264608;,
  10.691096;106.195168;-78.909651;,
  4.487854;103.771782;-90.184819;,
  0.000000;89.072282;-94.400154;,
  0.000000;83.102029;-94.649786;,
  0.000000;83.810074;-91.537715;,
  0.000000;101.603110;-96.182874;,
  0.000000;91.782611;-99.492518;,
  12.422901;106.789613;-71.312627;,
  10.677150;112.767424;-71.221357;,
  0.000000;104.167462;-91.164576;,
  0.000000;107.669683;-90.404314;,
  0.000000;93.827386;-104.386989;,
  0.000000;91.363968;-102.127968;,
  5.651355;114.089011;-65.681229;,
  0.000000;84.952275;-86.409216;,
  5.023247;91.300787;-96.216390;,
  3.865336;89.437459;-92.448851;,
  4.488364;89.036749;-90.828710;,
  4.544191;91.922394;-92.979968;,
  4.488364;89.036749;-90.828710;,
  4.442710;88.125600;-92.902029;,
  4.303854;91.209830;-85.991136;,
  4.972086;91.517830;-84.511130;,
  4.918806;93.730349;-86.075981;,
  4.972086;91.517830;-84.511130;,
  5.053893;90.722189;-86.410509;,
  3.379548;87.721555;-95.665613;,
  8.883405;120.593766;-77.514304;,
  8.334130;112.111283;-76.308909;,
  5.548031;114.748890;-79.138528;,
  0.000000;106.818925;-18.218434;,
  0.000000;116.280307;-47.638192;,
  0.000000;119.839053;-21.064827;,
  0.000000;114.662989;-24.519960;,
  0.000000;120.076314;-5.760542;,
  0.000000;108.019584;-4.592798;,
  0.000000;115.749645;-71.492378;,
  0.000000;126.623514;-53.168765;,
  0.000000;126.008166;-39.360678;,
  0.000000;118.933043;-58.477536;,
  14.835709;131.607910;-64.079558;,
  10.677150;112.767424;-71.221357;,
  11.132446;122.108442;-73.352570;,
  7.208469;120.691930;-74.340486;,
  5.651355;114.089011;-65.681229;,
  7.208469;120.691930;-74.340486;,
  5.651355;114.089011;-65.681229;,
  13.665416;91.698496;-65.183603;,
  14.219146;105.713830;-65.754458;,
  16.662365;113.029914;-48.978531;,
  19.867154;85.826074;-48.825283;,
  15.213533;80.019885;-59.638278;,
  21.532163;100.262278;-44.574608;,
  25.699309;99.677946;-31.251834;,
  24.492682;87.010355;-32.739850;,
  20.163677;87.794822;-29.971622;,
  26.409118;87.573670;-28.090611;,
  22.159835;88.172211;-26.411571;,
  16.793752;74.930240;-33.822093;,
  10.821519;80.643616;-29.744771;,
  21.038576;72.963098;-24.848050;,
  15.066325;78.676480;-20.770723;,
  19.978661;119.111117;-38.435184;,
  17.950918;104.195955;-40.935984;,
  12.331331;105.415475;-38.642726;,
  19.174818;104.598944;-35.048650;,
  13.881288;105.616819;-34.017872;,
  8.300606;90.498502;-44.399021;,
  0.839333;97.676570;-40.754109;,
  11.068819;87.603264;-33.030688;,
  3.607554;94.781286;-29.385770;,
  9.836110;105.612762;-7.276174;,
  9.526193;98.394714;-13.534774;,
  5.832613;98.220672;-12.365558;,
  9.913668;96.723994;-10.171486;,
  6.508810;96.855424;-9.713936;,
  4.472633;92.024749;-20.517814;,
  -0.765640;94.579763;-16.869331;,
  5.669576;86.835366;-15.165235;,
  0.431303;89.390355;-11.516758;,
  25.195690;103.891027;-21.986427;,
  13.116631;91.499552;-28.618400;,
  8.942663;93.989286;-22.881485;,
  16.330483;88.113146;-22.981114;,
  11.983247;90.948947;-18.799203;,
  5.530706;89.923782;-75.071533;,
  5.530706;71.506554;-66.071539;,
  5.530706;75.647155;-75.071533;,
  5.530706;87.047002;-66.071539;,
  4.691101;85.769254;-85.992403;,
  4.691101;90.256742;-85.992403;,
  13.732874;33.991309;-31.776499;,
  17.708485;37.230022;-15.238086;,
  13.732874;27.425747;-25.189371;,
  17.708485;46.844435;-29.202778;,
  16.125595;53.214992;-18.539432;,
  20.051605;67.707802;-28.766400;,
  10.123642;47.356845;59.349971;,
  8.942367;37.227965;55.009363;,
  10.125846;42.175930;46.224963;,
  8.942367;38.722144;67.664614;,
  11.309326;49.707856;39.403674;,
  9.598990;58.028781;46.673450;,
  -4.865682;89.842362;-94.900326;,
  -3.518728;87.859213;-93.726938;,
  -4.453751;89.075226;-95.709914;,
  -4.500896;88.384883;-91.863770;,
  -4.865682;89.842362;-94.900326;,
  -5.285614;87.271347;-94.658112;,
  -4.500896;88.384883;-91.863770;,
  -5.314806;89.094701;-96.052704;,
  -4.361322;94.860301;-101.079354;,
  -2.998768;91.258170;-98.386234;,
  -4.025475;90.561357;-98.821594;,
  -2.187447;95.159174;-99.637453;,
  -4.573798;96.176659;-97.417222;,
  -4.025475;90.561357;-98.821594;,
  -4.191944;91.766912;-97.276115;,
  -4.361322;94.860301;-101.079354;,
  -3.710131;95.911974;-92.948646;,
  -4.265761;93.546157;-90.935789;,
  -4.543583;95.638003;-93.746976;,
  -4.543583;95.638003;-93.746976;,
  -4.543585;96.173600;-92.172403;,
  -3.259365;97.376250;-89.243117;,
  -3.765984;93.970374;-88.220512;,
  -4.019274;96.357293;-91.347757;,
  -4.019274;96.357293;-91.347757;,
  -4.019273;97.511859;-88.569203;,
  -5.023247;91.300787;-96.216390;,
  -3.865336;89.437459;-92.448851;,
  -4.544191;91.922394;-92.979968;,
  -4.488364;89.036749;-90.828710;,
  -4.488364;89.036749;-90.828710;,
  -4.442710;88.125600;-92.902029;,
  -4.303854;91.209830;-85.991136;,
  -4.918806;93.730349;-86.075981;,
  -4.972086;91.517830;-84.511130;,
  -4.972086;91.517830;-84.511130;,
  -5.053893;90.722189;-86.410509;,
  -3.379548;87.721555;-95.665613;,
  -5.530706;89.923782;-75.071533;,
  -5.530706;71.506554;-66.071539;,
  -5.530706;87.047002;-66.071539;,
  -5.530706;75.647155;-75.071533;,
  -4.691101;85.769254;-85.992403;,
  -4.691101;90.256742;-85.992403;,
  5.905825;95.747590;-1.457511;,
  5.595908;88.529542;-7.716110;,
  1.902327;88.355501;-6.546894;,
  5.983382;86.858816;-4.352822;,
  2.578524;86.990253;-3.895272;,
  0.542348;82.159578;-14.699150;,
  -4.695926;84.714592;-11.050667;,
  1.739291;76.970189;-9.346571;,
  -3.498983;79.525184;-5.698094;,
  -10.388486;80.164506;13.489960;,
  -9.814684;81.057958;31.129104;,
  -21.103531;65.818944;-12.546052;,
  -8.294859;54.558707;-32.127990;,
  -14.915683;53.401360;-13.623578;,
  -22.102558;65.291642;-21.143517;,
  -14.452704;69.393267;15.302509;,
  -12.712961;80.665856;0.411660;,
  -16.230066;67.092755;0.127871;,
  -10.388486;80.164506;13.489960;,
  -6.141192;113.262515;-53.905619;,
  -15.489891;97.613286;-44.989472;,
  -7.366150;108.894144;-39.755546;,
  -10.901108;103.443654;-56.374189;,
  -18.427901;69.768755;30.764877;,
  -16.792168;51.382182;21.436810;,
  -19.009094;56.991885;33.337261;,
  -14.452704;69.393267;15.302509;,
  -16.971904;63.966150;44.257843;,
  -17.558482;56.721114;43.874787;,
  -8.744587;77.366957;42.937757;,
  -5.651355;114.089011;-65.681229;,
  -5.896274;114.573978;-61.722227;,
  -10.535931;105.713830;-65.754445;,
  -5.882323;66.204666;-56.812026;,
  -5.527197;80.255923;-64.389722;,
  -12.992033;-0.130703;41.893034;,
  -16.723288;-0.238647;28.173344;,
  -14.552237;-0.238658;27.585546;,
  -16.994862;-0.048586;41.182816;,
  -10.117067;-0.238658;27.608371;,
  -9.704506;-0.130703;40.509526;,
  -11.364680;-0.238658;27.223517;,
  -9.255998;2.344697;32.191315;,
  -10.889528;7.772218;36.512771;,
  -6.494805;5.201329;38.878819;,
  -12.272876;5.293998;32.734269;,
  -13.807830;11.578030;40.697690;,
  -16.754666;6.784542;48.323680;,
  -15.096888;11.969270;48.936198;,
  -14.796125;7.095845;38.355056;,
  -10.997598;11.610373;51.269226;,
  -12.309294;6.701774;50.894160;,
  -14.262483;33.941690;54.523091;,
  -10.160716;30.798182;57.457293;,
  -13.447098;29.683648;42.910624;,
  -11.594636;39.559142;24.986488;,
  -14.130458;36.865517;38.015552;,
  -16.547789;41.072816;28.170192;,
  -10.398438;35.465603;36.152419;,
  -15.575962;39.769296;46.671254;,
  -10.168142;29.165910;41.251286;,
  -6.459087;39.283462;46.218173;,
  -5.809116;32.796550;52.444957;,
  -10.398438;35.465603;36.152419;,
  -2.740247;50.788214;42.325942;,
  -11.594636;39.559142;24.986488;,
  -11.412335;59.858458;11.073436;,
  -12.015726;49.248208;16.745851;,
  -17.677568;0.056343;-39.060285;,
  -9.679730;0.048097;-43.366090;,
  -12.111703;0.249122;-38.859792;,
  -18.900184;0.029580;-46.523453;,
  -17.549168;16.833446;-34.326797;,
  -16.714059;32.983392;-39.101475;,
  -16.952342;18.290582;-39.513926;,
  -17.500301;31.945629;-34.669037;,
  -13.518858;15.489115;-41.307536;,
  -9.548481;4.853251;-42.931587;,
  -13.654731;6.289385;-46.371690;,
  -9.569060;13.685186;-38.688362;,
  -13.940123;31.729827;-28.875709;,
  -14.192302;15.888317;-31.098029;,
  -16.916250;38.215968;-40.035504;,
  -18.399757;37.142461;-34.955869;,
  -8.470392;38.517680;-35.375206;,
  -12.773344;33.050298;-40.424656;,
  -12.690171;38.755366;-41.800307;,
  -8.983233;32.138061;-35.676342;,
  -11.825226;56.849344;-47.214182;,
  -6.008102;55.942387;-37.189942;,
  -13.993181;55.785318;-24.164357;,
  -8.470392;38.517680;-35.375206;,
  -6.008102;55.942387;-37.189942;,
  -11.433210;37.306650;-26.072538;,
  -16.775450;37.091613;-28.011530;,
  -19.179394;55.190093;-27.497005;,
  -21.310741;54.267962;-34.800752;,
  -18.704267;53.684570;-43.113494;,
  -6.008102;55.942387;-37.189942;,
  -8.269470;47.870541;87.312666;,
  -7.243488;55.083878;71.977728;,
  -11.659930;52.074931;47.910400;,
  -10.876692;41.464352;52.133453;,
  -16.441130;49.100458;39.278086;,
  -6.037697;57.455008;-48.213974;,
  -11.035885;11.904275;38.718582;,
  -10.168142;29.165910;41.251286;,
  -17.268021;14.626546;-40.188730;,
  -18.183653;5.224186;-44.761482;,
  -22.102558;65.291642;-21.143517;,
  -23.361264;63.266854;-29.226662;,
  -8.459523;62.116685;49.987274;,
  -10.749554;56.743002;48.775776;,
  -16.318731;3.926896;34.634048;,
  -11.035885;11.904275;38.718582;,
  -7.077260;11.949574;47.846195;,
  -9.424733;35.459898;58.993818;,
  -3.836072;72.910163;48.145245;,
  -11.952965;73.644218;43.097997;,
  -4.640102;68.485651;49.334739;,
  -13.039071;18.824283;-40.470483;,
  -9.481874;17.114125;-37.410730;,
  -9.569060;13.685186;-38.688362;,
  -9.481874;17.114125;-37.410730;,
  -14.594234;12.147306;-33.679578;,
  -4.405696;60.738650;50.039197;,
  -2.683862;65.478266;50.478992;,
  -21.293715;67.211706;-45.495888;,
  -10.846587;67.754374;-55.962643;,
  -11.825226;56.849344;-47.214182;,
  -15.911290;80.966528;-49.510243;,
  -19.814011;87.793792;-21.745114;,
  -17.932309;82.120154;-9.538662;,
  -19.868787;89.569709;-33.518582;,
  -22.882653;71.503942;-35.164253;,
  -10.846134;92.818842;-67.616646;,
  -6.192514;87.165517;-71.793363;,
  -12.265950;89.493485;-60.007251;,
  -12.690736;55.232973;-0.355974;,
  -17.498330;13.142257;-36.320867;,
  -8.983233;32.138061;-35.676342;,
  -8.535766;105.490080;-33.109098;,
  -20.334678;0.540169;-51.759123;,
  -19.630083;4.168532;-50.372701;,
  -7.964939;45.506099;104.693472;,
  -18.230128;4.177504;-39.447750;,
  -0.957535;62.456544;73.683187;,
  -11.412335;59.858458;11.073436;,
  -5.824032;98.981478;-20.170109;,
  -9.759537;101.928390;-26.154939;,
  -2.683862;65.478266;50.478992;,
  -5.118101;61.292870;58.958995;,
  -3.836072;72.910163;48.145245;,
  -1.917047;67.710707;59.230662;,
  -4.640102;68.485651;49.334739;,
  -11.865225;0.974653;-53.567078;,
  -14.089664;0.911372;-53.734714;,
  -14.777640;3.642041;-37.813968;,
  -21.293715;67.211706;-45.495888;,
  -22.987706;61.117850;-37.032067;,
  -22.882653;71.503942;-35.164253;,
  -10.117067;-0.238658;27.608371;,
  -11.364680;-0.238658;27.223517;,
  -16.723288;-0.238647;28.173344;,
  -14.552237;-0.238658;27.585546;,
  -16.774422;3.297829;-52.390218;,
  -19.554066;3.474402;-53.821402;,
  -12.186254;3.650727;-52.325446;,
  -11.865225;0.974653;-53.567078;,
  -12.883006;3.171384;-54.234330;,
  -18.662059;-0.320785;32.538131;,
  -12.391503;-0.238658;27.404522;,
  -6.013394;-0.238647;32.013130;,
  -10.889528;7.772218;36.512771;,
  -6.494805;5.201329;38.878819;,
  -6.013394;-0.238647;32.013130;,
  -4.567980;54.892704;46.638947;,
  -16.593947;0.986889;-53.030829;,
  -15.978122;3.184384;-53.870317;,
  -8.649184;1.016838;-52.334890;,
  -12.883006;3.171384;-54.234330;,
  -13.925186;5.366284;-51.572746;,
  -9.808502;4.008653;-52.698691;,
  -8.649184;1.016838;-52.334890;,
  -15.978122;3.184384;-53.870317;,
  -16.593947;0.986889;-53.030829;,
  -9.548481;4.853251;-42.931587;,
  -9.679730;0.048097;-43.366090;,
  -13.993181;55.785318;-24.164357;,
  -12.916223;-0.238658;22.902733;,
  -12.916223;-0.238658;22.902733;,
  -12.980385;4.745520;27.126704;,
  -8.898742;2.556280;27.446061;,
  -8.330245;-0.238658;24.002702;,
  -8.330245;-0.238658;24.002702;,
  -18.425464;4.089730;28.881555;,
  -19.385290;-0.238658;24.570208;,
  -9.954866;-0.175224;-58.152518;,
  -9.954866;-0.175224;-58.152518;,
  -9.944817;3.268701;-54.548986;,
  -14.124595;0.193324;-58.480781;,
  -14.124595;0.193324;-58.480781;,
  -14.269056;4.894788;-55.364698;,
  -20.278002;-0.181866;-57.199354;,
  -8.649184;1.016838;-52.334890;,
  -12.015726;49.248208;16.745851;,
  -11.412335;59.858458;11.073436;,
  -5.155694;41.416070;116.105382;,
  -6.528708;95.759168;-85.568378;,
  -6.294478;91.918374;-82.394445;,
  -5.793780;97.683443;-92.592102;,
  -3.553033;97.540710;-100.913216;,
  -5.714376;96.007174;-98.842880;,
  -3.347711;100.590502;-95.566195;,
  -5.058575;89.969235;-88.370054;,
  -5.309654;87.265984;-86.593190;,
  -7.737334;91.294592;-80.728960;,
  -5.262557;84.949434;-93.175910;,
  -5.116668;88.020096;-94.345658;,
  -5.758228;110.719309;-84.635642;,
  -5.548031;114.748890;-79.138528;,
  -8.090854;96.809830;-82.961542;,
  -8.334130;112.111283;-76.308909;,
  -7.945088;106.103238;-87.571693;,
  -11.928762;94.933152;-73.457075;,
  -10.881414;95.649427;-78.025619;,
  -6.904414;88.440211;-80.111053;,
  -4.505669;95.928365;-102.743347;,
  -6.822904;98.557696;-87.757101;,
  -5.525435;101.471149;-89.427168;,
  -2.331122;94.727379;-103.032851;,
  -6.192514;87.165517;-71.793363;,
  -5.220753;93.269005;-101.424922;,
  -6.042786;93.456032;-98.723456;,
  -4.865682;89.842362;-94.900326;,
  -3.518728;87.859213;-93.726938;,
  -4.453751;89.075226;-95.709914;,
  -4.500896;88.384883;-91.863770;,
  -4.865682;89.842362;-94.900326;,
  -4.500896;88.384883;-91.863770;,
  -5.314806;89.094701;-96.052704;,
  -2.998768;91.258170;-98.386234;,
  -4.025475;90.561357;-98.821594;,
  -2.187447;95.159174;-99.637453;,
  -4.573798;96.176659;-97.417222;,
  -4.025475;90.561357;-98.821594;,
  -4.191944;91.766912;-97.276115;,
  -3.710131;95.911974;-92.948646;,
  -4.265761;93.546157;-90.935789;,
  -4.543585;96.173600;-92.172403;,
  -3.259365;97.376250;-89.243117;,
  -3.765984;93.970374;-88.220512;,
  -4.019273;97.511859;-88.569203;,
  -5.933689;95.083629;-92.573286;,
  -4.584945;92.121402;-101.264608;,
  -10.691096;106.195168;-78.909651;,
  -4.487854;103.771782;-90.184819;,
  -12.422901;106.789613;-71.312627;,
  -10.677150;112.767424;-71.221357;,
  -5.651355;114.089011;-65.681229;,
  -5.023247;91.300787;-96.216390;,
  -3.865336;89.437459;-92.448851;,
  -4.544191;91.922394;-92.979968;,
  -4.488364;89.036749;-90.828710;,
  -4.488364;89.036749;-90.828710;,
  -4.303854;91.209830;-85.991136;,
  -4.918806;93.730349;-86.075981;,
  -4.972086;91.517830;-84.511130;,
  -4.972086;91.517830;-84.511130;,
  -3.379548;87.721555;-95.665613;,
  -8.883405;120.593766;-77.514304;,
  -5.548031;114.748890;-79.138528;,
  -8.334130;112.111283;-76.308909;,
  -14.835709;131.607910;-64.079558;,
  -11.132446;122.108442;-73.352570;,
  -10.677150;112.767424;-71.221357;,
  -7.208469;120.691930;-74.340486;,
  -5.651355;114.089011;-65.681229;,
  -7.208469;120.691930;-74.340486;,
  -5.651355;114.089011;-65.681229;,
  -13.665416;91.698496;-65.183603;,
  -14.219146;105.713830;-65.754458;,
  -16.662365;113.029914;-48.978531;,
  -15.213533;80.019885;-59.638278;,
  -19.867154;85.826074;-48.825283;,
  -21.532163;100.262278;-44.574608;,
  -25.699309;99.677946;-31.251834;,
  -20.163677;87.794822;-29.971622;,
  -24.492682;87.010355;-32.739850;,
  -26.409118;87.573670;-28.090611;,
  -22.159835;88.172211;-26.411571;,
  -16.793752;74.930240;-33.822093;,
  -10.821519;80.643616;-29.744771;,
  -21.038576;72.963098;-24.848050;,
  -15.066325;78.676480;-20.770723;,
  -19.978661;119.111117;-38.435184;,
  -12.331331;105.415475;-38.642726;,
  -17.950918;104.195955;-40.935984;,
  -19.174818;104.598944;-35.048650;,
  -13.881288;105.616819;-34.017872;,
  -8.300606;90.498502;-44.399021;,
  -0.839333;97.676570;-40.754109;,
  -11.068819;87.603264;-33.030688;,
  -3.607554;94.781286;-29.385770;,
  -9.836110;105.612762;-7.276174;,
  -5.832613;98.220672;-12.365558;,
  -9.526193;98.394714;-13.534774;,
  -9.913668;96.723994;-10.171486;,
  -6.508810;96.855424;-9.713936;,
  -4.472633;92.024749;-20.517814;,
  0.765640;94.579763;-16.869331;,
  -5.669576;86.835366;-15.165235;,
  -0.431303;89.390355;-11.516758;,
  -25.195690;103.891027;-21.986427;,
  -8.942663;93.989286;-22.881485;,
  -13.116631;91.499552;-28.618400;,
  -16.330483;88.113146;-22.981114;,
  -11.983247;90.948947;-18.799203;,
  -5.530706;89.923782;-75.071533;,
  -5.530706;71.506554;-66.071539;,
  -4.691101;85.769254;-85.992403;,
  -13.732874;33.991309;-31.776499;,
  -17.708485;37.230022;-15.238086;,
  -17.708485;46.844435;-29.202778;,
  -13.732874;27.425747;-25.189371;,
  -16.125595;53.214992;-18.539432;,
  -20.051605;67.707802;-28.766400;,
  -10.123642;47.356845;59.349971;,
  -8.942367;37.227965;55.009363;,
  -8.942367;38.722144;67.664614;,
  -10.125846;42.175930;46.224963;,
  -11.309326;49.707856;39.403674;,
  -9.598990;58.028781;46.673450;,
  4.865682;89.842362;-94.900326;,
