xof 0303txt 0032
template ColorRGBA {
 <35ff44e0-6c7c-11cf-8f52-0040333594a3>
 FLOAT red;
 FLOAT green;
 FLOAT blue;
 FLOAT alpha;
}

template ColorRGB {
 <d3e16e81-7835-11cf-8f52-0040333594a3>
 FLOAT red;
 FLOAT green;
 FLOAT blue;
}

template Material {
 <3d82ab4d-62da-11cf-ab39-0020af71e433>
 ColorRGBA faceColor;
 FLOAT power;
 ColorRGB specularColor;
 ColorRGB emissiveColor;
 [...]
}

template TextureFilename {
 <a42790e1-7810-11cf-8f52-0040333594a3>
 STRING filename;
}

template Frame {
 <3d82ab46-62da-11cf-ab39-0020af71e433>
 [...]
}

template Matrix4x4 {
 <f6f23f45-7686-11cf-8f52-0040333594a3>
 array FLOAT matrix[16];
}

template FrameTransformMatrix {
 <f6f23f41-7686-11cf-8f52-0040333594a3>
 Matrix4x4 frameMatrix;
}

template Vector {
 <3d82ab5e-62da-11cf-ab39-0020af71e433>
 FLOAT x;
 FLOAT y;
 FLOAT z;
}

template MeshFace {
 <3d82ab5f-62da-11cf-ab39-0020af71e433>
 DWORD nFaceVertexIndices;
 array DWORD faceVertexIndices[nFaceVertexIndices];
}

template Mesh {
 <3d82ab44-62da-11cf-ab39-0020af71e433>
 DWORD nVertices;
 array Vector vertices[nVertices];
 DWORD nFaces;
 array MeshFace faces[nFaces];
 [...]
}

template MeshNormals {
 <f6f23f43-7686-11cf-8f52-0040333594a3>
 DWORD nNormals;
 array Vector normals[nNormals];
 DWORD nFaceNormals;
 array MeshFace faceNormals[nFaceNormals];
}

template MeshMaterialList {
 <f6f23f42-7686-11cf-8f52-0040333594a3>
 DWORD nMaterials;
 DWORD nFaceIndexes;
 array DWORD faceIndexes[nFaceIndexes];
 [Material <3d82ab4d-62da-11cf-ab39-0020af71e433>]
}

template Coords2d {
 <f6f23f44-7686-11cf-8f52-0040333594a3>
 FLOAT u;
 FLOAT v;
}

template MeshTextureCoords {
 <f6f23f40-7686-11cf-8f52-0040333594a3>
 DWORD nTextureCoords;
 array Coords2d textureCoords[nTextureCoords];
}

template XSkinMeshHeader {
 <3cf169ce-ff7c-44ab-93c0-f78f62d172e2>
 WORD nMaxSkinWeightsPerVertex;
 WORD nMaxSkinWeightsPerFace;
 WORD nBones;
}

template SkinWeights {
 <6f0d123b-bad2-4167-a0d0-80224f25fabb>
 STRING transformNodeName;
 DWORD nWeights;
 array DWORD vertexIndices[nWeights];
 array FLOAT weights[nWeights];
 Matrix4x4 matrixOffset;
}

template AnimTicksPerSecond {
 <9e415a43-7ba6-4a73-8743-b73d47e88476>
 DWORD AnimTicksPerSecond;
}

template Animation {
 <3d82ab4f-62da-11cf-ab39-0020af71e433>
 [...]
}

template AnimationSet {
 <3d82ab50-62da-11cf-ab39-0020af71e433>
 [Animation <3d82ab4f-62da-11cf-ab39-0020af71e433>]
}

template FloatKeys {
 <10dd46a9-775b-11cf-8f52-0040333594a3>
 DWORD nValues;
 array FLOAT values[nValues];
}

template TimedFloatKeys {
 <f406b180-7b3b-11cf-8f52-0040333594a3>
 DWORD time;
 FloatKeys tfkeys;
}

template AnimationKey {
 <10dd46a8-775b-11cf-8f52-0040333594a3>
 DWORD keyType;
 DWORD nKeys;
 array TimedFloatKeys keys[nKeys];
}


Material Material__71 {
 0.588000;0.588000;0.588000;1.000000;;
 10.000000;
 0.000000;0.000000;0.000000;;
 0.000000;0.000000;0.000000;;

 TextureFilename {
  "data/MODEL/SD_utc_all2.tga";
 }
}

Material Material__69 {
 0.588000;0.588000;0.588000;1.000000;;
 10.000000;
 0.000000;0.000000;0.000000;;
 0.000000;0.000000;0.000000;;

 TextureFilename {
  "data/MODEL/SD_utc_all2.tga";
 }
}

Material Material__70 {
 0.588000;0.588000;0.588000;1.000000;;
 10.000000;
 0.000000;0.000000;0.000000;;
 0.000000;0.000000;0.000000;;

 TextureFilename {
  "data/MODEL/SD_utc_all2.tga";
 }
}

Material Material__73 {
 0.588000;0.588000;0.588000;1.000000;;
 10.000000;
 0.000000;0.000000;0.000000;;
 0.000000;0.000000;0.000000;;

 TextureFilename {
  "data/MODEL/SD_utc_all2.tga";
 }
}

Material Material__72 {
 0.588000;0.588000;0.588000;1.000000;;
 10.000000;
 0.000000;0.000000;0.000000;;
 0.000000;0.000000;0.000000;;

 TextureFilename {
  "data/MODEL/SD_utc_all2.tga";
 }
}

Material Material__74 {
 0.588000;0.588000;0.588000;1.000000;;
 10.000000;
 0.000000;0.000000;0.000000;;
 0.000000;0.000000;0.000000;;

 TextureFilename {
  "data/MODEL/SD_utc_all2.tga";
 }
}

Frame Character1_Reference {
 

 FrameTransformMatrix {
  0.390342,-0.027015,-0.043628,0.000000,-0.042034,0.023659,-0.390735,0.000000,0.029434,0.392060,0.020573,0.000000,-0.486761,-0.465692,0.861551,1.000000;;
 }

 Frame Character1_Hips {
  

  FrameTransformMatrix {
   1.000000,0.000000,0.000000,0.000000,0.000000,-0.000000,1.000000,0.000000,0.000000,-1.000000,-0.000000,0.000000,0.000001,4.912034,41.803344,1.000000;;
  }

  Frame Character1_RightUpLeg {
   

   FrameTransformMatrix {
    0.987463,0.088712,-0.130567,0.000000,-0.076871,0.992685,0.093106,0.000000,0.137872,-0.081902,0.987059,0.000000,-9.838915,-6.464710,0.020455,1.000000;;
   }

   Frame Character1_RightLeg {
    

    FrameTransformMatrix {
     0.991042,-0.028040,-0.130579,0.000000,-0.016951,0.943398,-0.331229,0.000000,0.132476,0.330475,0.934471,0.000000,0.000000,-15.186381,2.183431,1.000000;;
    }

    Frame Character1_RightFoot {
     

     FrameTransformMatrix {
      0.999795,-0.019253,-0.006288,0.000000,0.020096,0.981605,0.189864,0.000000,0.002517,-0.189951,0.981790,0.000000,0.000001,-16.433214,3.391634,1.000000;;
     }
    }
   }

   Frame J_R_knee {
    

    FrameTransformMatrix {
     1.000000,0.000000,0.000000,0.000000,-0.000000,1.000000,-0.000000,0.000000,-0.000000,0.000000,1.000000,0.000000,0.000000,-15.356168,2.212158,1.000000;;
    }
   }
  }

  Frame Character1_LeftUpLeg {
   

   FrameTransformMatrix {
    0.936168,0.177518,0.303443,0.000000,-0.322716,0.776310,0.541477,0.000000,-0.139444,-0.604839,0.784044,0.000000,9.838927,-6.464722,0.020465,1.000000;;
   }

   Frame Character1_LeftLeg {
    

    FrameTransformMatrix {
     0.994722,0.035345,-0.096324,0.000000,-0.078489,0.866773,-0.492487,0.000000,0.066084,0.497448,0.864973,0.000000,0.000000,-15.186350,2.183422,1.000000;;
    }

    Frame Character1_LeftFoot {
     

     FrameTransformMatrix {
      0.983222,-0.180147,0.028675,0.000000,0.182415,0.970694,-0.156457,0.000000,0.000350,0.159063,0.987269,0.000000,-0.000001,-16.433224,3.391636,1.000000;;
     }
    }

    Frame J_L_knee {
     

     FrameTransformMatrix {
      1.000000,0.000000,-0.000000,0.000000,0.000000,1.000000,-0.000000,0.000000,0.000000,0.000000,1.000000,0.000000,-0.000001,-0.169809,0.028731,1.000000;;
     }
    }
   }
  }

  Frame J_L_Skirt_00 {
   

   FrameTransformMatrix {
    1.000000,-0.000000,-0.000000,0.000000,-0.000000,0.984808,0.173648,0.000000,-0.000000,-0.173648,0.984808,0.000000,8.367217,1.576828,-5.437760,1.000000;;
   }

   Frame J_L_Skirt_01 {
    

    FrameTransformMatrix {
     1.000000,0.000000,0.000000,0.000000,-0.000000,1.000000,0.000000,0.000000,0.000000,0.000000,1.000000,0.000000,-0.000002,-6.016937,0.000001,1.000000;;
    }
   }
  }

  Frame J_R_Skirt_00 {
   

   FrameTransformMatrix {
    1.000000,-0.000000,-0.000000,0.000000,-0.000000,0.984808,0.173648,0.000000,-0.000000,-0.173648,0.984808,0.000000,-8.367225,1.576874,-5.437763,1.000000;;
   }

   Frame J_R_Skirt_01 {
    

    FrameTransformMatrix {
     1.000000,0.000000,0.000000,0.000000,-0.000000,1.000000,0.000000,0.000000,0.000000,0.000000,1.000000,0.000000,-0.000001,-6.016976,0.000009,1.000000;;
    }
   }
  }

  Frame J_R_SkirtBack_01 {
   

   FrameTransformMatrix {
    1.000000,-0.000000,-0.000000,0.000000,0.000000,1.000000,0.000000,0.000000,-0.000000,0.000000,1.000000,0.000000,-6.589422,-1.982014,4.949106,1.000000;;
   }
  }

  Frame J_L_SkirtBack_01 {
   

   FrameTransformMatrix {
    1.000000,-0.000000,-0.000000,0.000000,0.000000,1.000000,0.000000,0.000000,-0.000000,0.000000,1.000000,0.000000,6.589424,-1.981934,4.949107,1.000000;;
   }
  }

  Frame Character1_Spine {
   

   FrameTransformMatrix {
    0.996501,0.080091,-0.023913,0.000000,-0.079082,0.996045,0.040501,0.000000,0.027062,-0.038468,0.998894,0.000000,0.000000,0.153992,-0.017591,1.000000;;
   }

   Frame Character1_Spine1 {
    

    FrameTransformMatrix {
     0.992734,0.114384,-0.037361,0.000000,-0.114310,0.993437,0.004132,0.000000,0.037588,0.000169,0.999293,0.000000,0.000000,4.283539,0.000000,1.000000;;
    }

    Frame Character1_Spine2 {
     

     FrameTransformMatrix {
      0.992732,0.115621,-0.033388,0.000000,-0.115593,0.993293,0.002753,0.000000,0.033483,0.001126,0.999439,0.000000,0.000000,4.127564,0.015314,1.000000;;
     }

     Frame Character1_RightShoulder {
      

      FrameTransformMatrix {
       0.955716,0.287689,0.061982,0.000000,-0.286212,0.957641,-0.031715,0.000000,-0.068481,0.012570,0.997574,0.000000,-2.673145,10.265476,4.695330,1.000000;;
      }

      Frame Character1_RightArm {
       

       FrameTransformMatrix {
        0.919501,0.385540,-0.076658,0.000000,-0.390491,0.873515,-0.290668,0.000000,-0.045102,0.297204,0.953748,0.000000,-4.694744,0.366833,-0.030061,1.000000;;
       }

       Frame Character1_RightForeArm {
        

        FrameTransformMatrix {
         0.985725,-0.015175,0.167677,0.000000,0.003092,0.997394,0.072084,0.000000,-0.168334,-0.070536,0.983203,0.000000,-11.878662,-0.000053,-0.000002,1.000000;;
        }

        Frame Character1_RightHand {
         

         FrameTransformMatrix {
          0.972023,0.193079,-0.133762,0.000000,-0.160482,0.961741,0.222037,0.000000,0.171515,-0.194358,0.965819,0.000000,-11.270624,-0.000107,-0.000007,1.000000;;
         }

         Frame Character1_RightHandThumb1 {
          

          FrameTransformMatrix {
           0.863306,0.229225,0.449621,0.000000,0.478274,-0.087187,-0.873872,0.000000,-0.161112,0.969461,-0.184901,0.000000,-1.643690,-1.747292,-1.568382,1.000000;;
          }

          Frame Character1_RightHandThumb2 {
           

           FrameTransformMatrix {
            0.911886,0.408943,-0.035059,0.000000,-0.409486,0.900603,-0.145725,0.000000,-0.028019,0.147240,0.988704,0.000000,-1.750158,-0.000050,0.000013,1.000000;;
           }

           Frame Character1_RightHandThumb3 {
            

            FrameTransformMatrix {
             0.976252,0.215679,0.020385,0.000000,-0.212958,0.972677,-0.092464,0.000000,-0.039770,0.085927,0.995508,0.000000,-1.031612,-0.000010,0.000053,1.000000;;
            }
           }
          }
         }

         Frame Character1_RightHandIndex1 {
          

          FrameTransformMatrix {
           0.992292,0.028216,0.120667,0.000000,-0.027807,0.999601,-0.005073,0.000000,-0.120761,0.001678,0.992681,0.000000,-4.697762,0.259842,-2.218206,1.000000;;
          }

          Frame Character1_RightHandIndex2 {
           

           FrameTransformMatrix {
            0.937249,0.347494,-0.028500,0.000000,-0.347804,0.937544,-0.006597,0.000000,0.024428,0.016096,0.999572,0.000000,-1.422730,-0.000015,0.000006,1.000000;;
           }
          }
         }

         Frame Character1_RightHandMiddle1 {
          

          FrameTransformMatrix {
           0.992916,0.050993,0.107319,0.000000,-0.050234,0.998690,-0.009769,0.000000,-0.107677,0.004309,0.994177,0.000000,-5.140940,0.610695,-0.634633,1.000000;;
          }

          Frame Character1_RightHandMiddle2 {
           

           FrameTransformMatrix {
            0.846373,0.530618,-0.045790,0.000000,-0.530247,0.847586,0.020901,0.000000,0.049901,0.006590,0.998732,0.000000,-1.678070,0.000004,-0.000004,1.000000;;
           }
          }
         }

         Frame Character1_RightHandRing1 {
          

          FrameTransformMatrix {
           0.974155,0.210373,0.082249,0.000000,-0.209105,0.977603,-0.023830,0.000000,-0.085419,0.006015,0.996327,0.000000,-4.934019,0.412556,0.888916,1.000000;;
          }

          Frame Character1_RightHandRing2 {
           

           FrameTransformMatrix {
            0.784180,0.617864,-0.057491,0.000000,-0.617248,0.786194,0.030041,0.000000,0.063760,0.011928,0.997894,0.000000,-1.306177,0.000019,-0.000000,1.000000;;
           }
          }
         }

         Frame Character1_RightHandPinky1 {
          

          FrameTransformMatrix {
           0.948455,0.305335,0.084873,0.000000,-0.303941,0.952243,-0.029203,0.000000,-0.089736,0.001901,0.995964,0.000000,-4.635404,0.095024,2.260200,1.000000;;
          }

          Frame Character1_RightHandPinky2 {
           

           FrameTransformMatrix {
            0.849252,0.525961,-0.046231,0.000000,-0.525564,0.850487,0.021355,0.000000,0.050551,0.006162,0.998702,0.000000,-0.959961,0.000111,0.000008,1.000000;;
           }
          }
         }
        }

        Frame J_R_Elbow {
         

         FrameTransformMatrix {
          0.999355,0.001664,-0.035888,0.000000,-0.001197,0.999915,0.013046,0.000000,0.035907,-0.012994,0.999271,0.000000,0.022068,-0.007992,0.468901,1.000000;;
         }
        }

        Frame J_R_ForeArm_00_tw {
         

         FrameTransformMatrix {
          0.999999,-0.000782,-0.000053,0.000000,0.000783,0.999689,0.024933,0.000000,0.000033,-0.024933,0.999689,0.000000,-10.890925,-0.038067,0.009294,1.000000;;
         }
        }

        Frame J_R_Sode_A00 {
         

         FrameTransformMatrix {
          0.981648,-0.016377,0.189997,0.000000,0.013510,0.999775,0.016379,0.000000,-0.190223,-0.013512,0.981648,0.000000,-1.625389,-0.456383,-4.258907,1.000000;;
         }
        }

        Frame J_R_Sode_D00 {
         

         FrameTransformMatrix {
          0.977195,0.208060,-0.042445,0.000000,-0.207079,0.977969,0.026390,0.000000,0.047000,-0.016999,0.998750,0.000000,-1.545731,-3.743233,0.009038,1.000000;;
         }
        }

        Frame J_R_Sode_C00 {
         

         FrameTransformMatrix {
          0.979708,-0.009959,-0.200184,0.000000,0.013510,0.999775,0.016380,0.000000,0.199976,-0.018752,0.979622,0.000000,-1.254316,-0.590588,3.626201,1.000000;;
         }
        }

        Frame J_R_Sode_B00 {
         

         FrameTransformMatrix {
          0.944032,-0.326045,-0.049975,0.000000,0.326487,0.945202,0.000721,0.000000,0.047002,-0.016997,0.998750,0.000000,-1.070160,2.043186,0.085137,1.000000;;
         }
        }
       }

       Frame J_R_Arm_00_tw {
        

        FrameTransformMatrix {
         1.000000,0.000173,0.000000,0.000000,-0.000173,0.999242,0.038928,0.000000,0.000007,-0.038928,0.999242,0.000000,0.061840,0.002903,0.000033,1.000000;;
        }

        Frame J_R_Sode_E00 {
         

         FrameTransformMatrix {
          1.000000,0.000003,0.000000,0.000000,-0.000003,0.999990,-0.004461,0.000000,-0.000000,0.004461,0.999990,0.000000,-2.375824,0.000099,0.000000,1.000000;;
         }
        }
       }
      }
     }

     Frame Character1_Neck {
      

      FrameTransformMatrix {
       0.999812,-0.018902,0.004195,0.000000,0.019042,0.999162,-0.036222,0.000000,-0.003507,0.036296,0.999335,0.000000,0.000000,13.308441,4.726717,1.000000;;
      }

      Frame Character1_Head {
       

       FrameTransformMatrix {
        0.999812,-0.018902,0.004195,0.000000,0.019041,0.999163,-0.036222,0.000000,-0.003507,0.036295,0.999335,0.000000,0.000000,3.046856,-0.804217,1.000000;;
       }

       Frame J_L_HeadRibbon_00 {
        

        FrameTransformMatrix {
         0.834400,-0.548929,-0.049529,0.000000,0.498840,0.713924,0.491397,0.000000,-0.234382,-0.434728,0.869526,0.000000,7.951539,31.364045,-6.875421,1.000000;;
        }

        Frame J_L_HeadRibbon_01 {
         

         FrameTransformMatrix {
          0.949003,0.024136,-0.314342,0.000000,0.296521,-0.407022,0.863950,0.000000,-0.107092,-0.913100,-0.393421,0.000000,-0.000011,24.783683,-0.000019,1.000000;;
         }

         Frame J_L_HeadRibbon_02 {
          

          FrameTransformMatrix {
           0.990315,-0.016374,0.137876,0.000000,0.138507,0.047367,-0.989228,0.000000,0.009667,0.998743,0.049176,0.000000,-0.000002,13.667938,0.000023,1.000000;;
          }
         }
        }
       }

       Frame J_R_HeadRibbon_00 {
        

        FrameTransformMatrix {
         0.844522,0.534496,0.033113,0.000000,-0.486876,0.740590,0.463117,0.000000,0.223011,-0.407234,0.885678,0.000000,-7.951539,31.363936,-6.875418,1.000000;;
        }

        Frame J_R_HeadRibbon_01 {
         

         FrameTransformMatrix {
          0.950181,-0.035894,0.309627,0.000000,-0.300353,-0.371020,0.878711,0.000000,0.083337,-0.927932,-0.363316,0.000000,0.000107,24.783768,-0.000099,1.000000;;
         }

         Frame J_R_HeadRibbon_02 {
          

          FrameTransformMatrix {
           0.990314,0.016374,-0.137876,0.000000,-0.138508,0.047372,-0.989228,0.000000,-0.009666,0.998743,0.049181,0.000000,-0.000080,13.668053,0.000137,1.000000;;
          }
         }
        }
       }

       Frame bone_eye_L {
        

        FrameTransformMatrix {
         1.000000,0.000000,-0.000000,0.000000,-0.000000,1.000000,0.000000,0.000000,0.000000,-0.000000,1.000000,0.000000,2.689331,10.205597,4.649826,1.000000;;
        }
       }

       Frame bone_eye_R {
        

        FrameTransformMatrix {
         1.000000,0.000000,-0.000000,0.000000,-0.000000,1.000000,0.000000,0.000000,0.000000,-0.000000,1.000000,0.000000,-2.689329,10.205597,4.649831,1.000000;;
        }
       }

       Frame J_L_HairTail_00 {
        

        FrameTransformMatrix {
         0.920104,0.207389,-0.332263,0.000000,-0.353711,0.804307,-0.477471,0.000000,0.168219,0.556848,0.813402,0.000000,8.453445,7.472450,12.091123,1.000000;;
        }

        Frame J_L_HairTail_01 {
         

         FrameTransformMatrix {
          1.000000,0.000000,0.000000,0.000000,-0.000000,1.000000,0.000000,0.000000,0.000000,-0.000000,1.000000,0.000000,0.000000,-19.820915,-0.000004,1.000000;;
         }

         Frame J_L_HairTail_02 {
          

          FrameTransformMatrix {
           1.000000,0.000000,0.000000,0.000000,0.000000,1.000000,-0.000000,0.000000,-0.000000,-0.000000,1.000000,0.000000,0.000000,-22.249170,0.000008,1.000000;;
          }
         }
        }
       }

       Frame J_R_HairTail_00 {
        

        FrameTransformMatrix {
         0.920104,-0.207389,0.332263,0.000000,0.353711,0.804307,-0.477471,0.000000,-0.168219,0.556848,0.813402,0.000000,-8.453455,7.472321,12.091120,1.000000;;
        }

        Frame J_R_HairTail_01 {
         

         FrameTransformMatrix {
          1.000000,0.000000,0.000000,0.000000,-0.000000,1.000000,0.000000,0.000000,-0.000000,0.000000,1.000000,0.000000,0.000009,-19.820808,0.000099,1.000000;;
         }

         Frame J_R_HairTail_02 {
          

          FrameTransformMatrix {
           1.000000,0.000000,-0.000000,0.000000,-0.000000,1.000000,-0.000000,0.000000,0.000000,0.000000,1.000001,0.000000,0.000042,-22.249269,-0.000046,1.000000;;
          }
         }
        }
       }

       Frame J_L_HairSide_00 {
        

        FrameTransformMatrix {
         0.605947,-0.771250,0.194938,0.000000,0.783435,0.621084,0.022012,0.000000,-0.138050,0.139383,0.980568,0.000000,7.298516,27.946138,-9.341247,1.000000;;
        }

        Frame J_L_HairSide_01 {
         

         FrameTransformMatrix {
          0.761421,-0.633232,0.138758,0.000000,0.640644,0.767747,-0.011804,0.000000,-0.099057,0.097882,0.990256,0.000000,12.410911,-0.000008,0.000006,1.000000;;
         }
        }
       }

       Frame J_R_HairSide_00 {
        

        FrameTransformMatrix {
         0.605947,0.771250,-0.194938,0.000000,-0.783435,0.621084,0.022012,0.000000,0.138050,0.139383,0.980568,0.000000,-7.298515,27.946237,-9.341251,1.000000;;
        }

        Frame J_R_HairSide_01 {
         

         FrameTransformMatrix {
          0.761422,0.633232,-0.138758,0.000000,-0.640644,0.767748,-0.011802,0.000000,0.099058,0.097881,0.990256,0.000000,-12.411091,-0.000103,-0.000016,1.000000;;
         }
        }
       }

       Frame J_L_HairFront_00 {
        

        FrameTransformMatrix {
         0.999667,0.025135,-0.005840,0.000000,-0.024696,0.997521,0.065890,0.000000,0.007481,-0.065724,0.997810,0.000000,-0.047760,28.018035,-10.220730,1.000000;;
        }
       }

       Frame J_R_HairFront_00 {
        

        FrameTransformMatrix {
         0.988937,-0.147478,-0.015950,0.000000,0.148286,0.980022,0.132541,0.000000,-0.003916,-0.133440,0.991049,0.000000,-1.439929,28.018019,-9.940756,1.000000;;
        }
       }

       Frame J_L_HairSide2_00 {
        

        FrameTransformMatrix {
         1.000000,0.000000,-0.000000,0.000000,-0.000000,1.000000,0.000000,0.000000,0.000000,-0.000000,1.000000,0.000000,13.977989,14.276131,-3.265357,1.000000;;
        }
       }

       Frame J_R_HairSide2_00 {
        

        FrameTransformMatrix {
         1.000000,0.000000,-0.000000,0.000000,-0.000000,1.000000,0.000000,0.000000,0.000000,-0.000000,1.000000,0.000000,-13.977981,14.276062,-3.265350,1.000000;;
        }
       }

       Frame _face {
        

        FrameTransformMatrix {
         1.000000,0.000000,-0.000000,0.000000,-0.000000,-0.000000,-1.000000,0.000000,0.000000,1.000000,-0.000000,0.000000,0.000005,-66.723738,0.991809,1.000000;;
        }

        Mesh _face {
         1217;
         1.372077;6.727701;64.620627;,
         0.808552;7.487942;64.588646;,
         1.633849;7.155458;64.792013;,
         0.716593;7.070729;64.426310;,
         -0.000001;8.015344;64.661933;,
         0.383471;7.671988;64.442355;,
         -0.000001;7.770773;64.379622;,
         0.336690;7.904854;64.695533;,
         9.048235;1.837603;69.342074;,
         9.745216;3.525839;69.461888;,
         10.166693;3.348329;70.435379;,
         0.961720;10.774630;70.300723;,
         0.437422;10.921860;69.185075;,
         0.149720;11.357531;70.591245;,
         -0.000001;11.014082;69.185274;,
         -0.000001;11.094776;83.744742;,
         3.758478;10.601984;83.717600;,
         3.254154;10.403255;80.903616;,
         -0.000001;9.500415;73.631872;,
         1.090007;9.084418;73.497472;,
         -0.000001;9.650740;72.771104;,
         9.765796;0.925201;71.185510;,
         10.992652;3.034367;72.376166;,
         11.061813;0.785586;73.486150;,
         6.188411;7.441588;71.427142;,
         5.109640;7.747644;71.589792;,
         6.194826;7.312430;71.699418;,
         1.696258;7.414027;65.013606;,
         0.858386;7.696833;64.809037;,
         7.431710;7.941801;69.226464;,
         7.240863;7.720132;68.079386;,
         5.972022;8.453266;68.220365;,
         0.168712;11.215312;70.975642;,
         -0.000001;10.267182;71.504474;,
         0.482778;10.219394;71.360582;,
         -0.000001;11.270767;71.028518;,
         10.600236;3.164172;71.590682;,
         10.564589;5.058624;72.062067;,
         9.220610;3.743237;68.481562;,
         9.689780;5.476188;69.401254;,
         -0.000001;11.398750;70.593299;,
         4.758405;5.294414;65.465408;,
         5.045020;6.112164;65.675296;,
         6.310888;5.263961;66.132966;,
         4.639726;8.065175;66.732160;,
         4.227373;7.490688;66.021779;,
         3.041594;8.004656;66.301094;,
         5.787751;8.026139;67.277338;,
         5.549012;7.407195;66.491552;,
         7.001476;3.300154;66.597197;,
         7.505959;4.628022;66.708550;,
         8.452917;4.092132;67.506522;,
         0.418273;8.792851;66.217210;,
         -0.000001;8.765155;66.386950;,
         0.393075;8.690780;66.411590;,
         -0.000001;8.904539;66.180826;,
         0.151733;11.314606;70.811795;,
         -0.000001;11.383111;70.818957;,
         3.037048;9.124395;70.846067;,
         3.302848;9.676396;69.806944;,
         1.990538;10.232352;70.062662;,
         2.020468;10.400442;69.068749;,
         3.230012;9.834402;68.871501;,
         1.069503;10.772903;69.167104;,
         0.427640;9.204039;66.430976;,
         -0.000001;9.413479;66.495821;,
         0.432330;9.334758;66.530765;,
         -0.000001;9.266313;66.398451;,
         0.926474;9.475252;67.052282;,
         1.172669;8.954304;66.616691;,
         0.833478;9.169911;66.561190;,
         1.271333;9.338896;67.068461;,
         0.504940;10.407902;68.005645;,
         -0.000001;10.520594;68.005280;,
         1.658750;9.183950;67.059968;,
         1.836652;9.908015;67.968902;,
         4.683046;10.183050;81.652275;,
         -0.000001;10.017447;77.138944;,
         1.920254;9.288869;76.982790;,
         -0.000001;9.568335;75.154976;,
         3.015939;8.666149;76.516538;,
         1.434265;8.939239;75.040582;,
         0.879543;9.326873;72.598458;,
         0.648376;9.743781;71.871366;,
         4.746926;8.508923;70.530733;,
         3.099142;8.689269;71.390566;,
         4.876122;8.095600;71.159034;,
         -0.000001;10.743197;79.784768;,
         2.888661;10.083594;79.276083;,
         3.638662;9.229547;77.846438;,
         6.213054;7.970048;70.344538;,
         7.447354;7.579671;70.276198;,
         6.099288;8.533327;69.355731;,
         12.905628;4.598604;79.878278;,
         12.454507;4.647183;78.157882;,
         11.945142;6.237800;78.464922;,
         9.547070;6.104762;71.222342;,
         9.456698;6.287782;70.292352;,
         8.529108;7.084812;70.275782;,
         9.150882;6.519017;69.242381;,
         8.164713;6.958147;68.090810;,
         8.406954;7.254033;69.180026;,
         5.220469;6.769539;65.956774;,
         9.715946;6.033884;71.957318;,
         10.212706;5.897975;72.842310;,
         9.148075;6.307288;71.775987;,
         0.838908;7.953894;65.251290;,
         1.723129;7.689918;65.464083;,
         0.474778;9.645782;67.022483;,
         -0.000001;9.761806;66.983763;,
         1.331948;9.776482;71.162080;,
         4.581426;9.158070;68.570950;,
         3.772117;9.070618;67.733210;,
         8.535398;5.851198;67.687904;,
         7.778486;6.039944;67.059584;,
         7.985278;2.536327;67.600339;,
         6.990819;7.246666;67.166221;,
         2.771888;9.517148;67.893472;,
         12.065108;6.570068;80.209587;,
         8.785602;6.482684;72.093843;,
         9.247478;6.341287;72.715552;,
         7.520131;9.701539;83.255763;,
         7.457181;9.674270;85.746016;,
         10.311600;8.623809;84.180755;,
         9.948692;6.103350;73.189875;,
         10.317642;6.216419;74.371520;,
         5.151398;7.542035;71.817702;,
         6.211786;7.592033;71.052275;,
         2.472549;8.480473;74.822778;,
         3.247822;8.226124;74.671418;,
         1.957177;8.701390;73.332000;,
         7.333960;6.942590;71.691104;,
         0.354756;8.420292;65.597818;,
         -0.000001;8.278274;65.128230;,
         -0.000001;8.530846;65.535264;,
         0.334362;8.147489;65.181363;,
         0.836148;8.563613;65.970387;,
         0.416562;8.701230;65.893146;,
         0.816578;8.321860;65.697472;,
         2.385780;8.911402;67.004250;,
         8.548711;0.889735;69.154816;,
         8.408160;0.957008;68.959552;,
         9.048159;1.472623;69.430656;,
         8.074938;1.206580;68.346362;,
         8.603971;2.016059;68.495667;,
         7.354592;1.812981;67.422797;,
         6.503393;2.641082;66.580813;,
         5.632335;3.515034;65.959693;,
         4.409604;4.715462;65.401504;,
         2.742944;5.868462;64.944640;,
         0.337846;7.255027;64.284230;,
         3.030651;7.037442;65.301939;,
         3.038374;7.487152;65.724141;,
         -0.000001;8.798658;65.856826;,
         -0.000001;9.856551;72.039674;,
         4.615906;9.138415;69.587578;,
         4.630885;8.648946;67.519334;,
         1.717651;8.018479;65.900186;,
         1.637886;8.361778;66.261235;,
         2.292391;8.453465;66.522688;,
         1.055243;10.226516;68.010765;,
         7.453548;9.534475;81.634707;,
         10.296383;5.091890;71.375181;,
         9.974187;5.253310;70.320832;,
         10.952482;4.963057;72.978291;,
         9.202138;5.675218;68.474259;,
         6.636877;6.353684;66.449843;,
         2.957713;6.539766;65.046547;,
         3.450888;8.564681;66.954163;,
         6.029670;4.165742;66.007789;,
         1.209985;8.396074;66.517728;,
         1.267379;8.493046;66.418445;,
         1.192082;8.400654;66.519136;,
         1.413440;8.516857;66.519373;,
         -0.000001;8.765155;66.386950;,
         0.393075;8.690780;66.411590;,
         4.621313;7.693662;72.000986;,
         3.918383;8.062257;74.540998;,
         3.150057;8.192658;73.100205;,
         4.102454;7.836548;72.983386;,
         3.118286;8.379990;72.217222;,
         1.685890;8.993908;72.423174;,
         3.608878;8.445295;76.256947;,
         3.973586;8.272470;75.613376;,
         4.497358;7.870447;71.822304;,
         8.413932;6.622570;71.506522;,
         8.240420;6.651604;71.797965;,
         7.335989;7.020890;71.384352;,
         7.380073;7.131470;71.067885;,
         4.313345;7.789682;72.350304;,
         0.823843;9.036191;66.465683;,
         0.753710;8.537854;66.453459;,
         0.432330;9.334758;66.530765;,
         1.144386;8.808990;66.534234;,
         1.001633;8.455653;66.480992;,
         0.753710;8.537854;66.453459;,
         0.811575;8.655761;66.277926;,
         1.084459;8.535055;66.363808;,
         0.839330;8.664670;66.133408;,
         1.154276;8.536542;66.221939;,
         1.001633;8.455653;66.480992;,
         0.836148;8.563613;65.970387;,
         0.422933;8.803566;66.056269;,
         0.416562;8.701230;65.893146;,
         -0.000001;7.315250;64.239546;,
         1.172669;8.954304;66.616691;,
         1.390712;8.677776;66.575507;,
         1.520743;8.749955;66.646291;,
         1.357914;8.495378;66.296954;,
         1.550180;8.509094;66.436224;,
         0.833478;9.169911;66.561190;,
         -0.000001;9.413479;66.495821;,
         1.213692;8.427195;66.084006;,
         1.637886;8.361778;66.261235;,
         1.777911;8.589417;66.579821;,
         1.520743;8.749955;66.646291;,
         1.483658;9.316105;71.714221;,
         -0.000001;8.900988;66.030822;,
         -0.000001;8.798658;65.856826;,
         11.445690;2.871315;73.350746;,
         12.155899;0.864231;75.485466;,
         12.141433;2.556041;75.324486;,
         12.875202;2.348011;77.631674;,
         11.449268;4.878986;74.328922;,
         11.896621;4.739302;75.794381;,
         11.049736;6.404204;76.493338;,
         11.719554;6.012470;77.130022;,
         11.352591;5.877572;75.823379;,
         4.529986;9.643927;79.404448;,
         -0.000001;10.690424;86.892000;,
         3.794343;10.483863;86.567802;,
         10.687023;6.216765;75.315245;,
         10.901460;5.816436;74.315251;,
         5.345673;8.807028;77.839507;,
         9.699629;7.905061;79.105306;,
         10.954253;7.425229;79.664307;,
         10.988671;6.922487;78.373152;,
         6.383737;9.168938;79.577165;,
         8.092703;8.621068;79.383117;,
         6.924332;8.662718;78.449094;,
         9.076306;8.059895;78.471795;,
         6.135406;8.749510;78.172179;,
         3.890606;8.698585;76.969075;,
         4.168007;8.756073;77.225389;,
         3.725800;8.603652;76.634874;,
         10.125917;7.449286;78.037850;,
         9.628830;7.770518;78.292915;,
         10.512237;7.098477;77.665248;,
         8.003228;8.472794;78.625971;,
         10.960194;6.717096;77.358419;,
         1.777911;8.589417;66.579821;,
         1.192082;8.400654;66.519136;,
         1.213692;8.427195;66.084006;,
         12.169821;6.673786;82.089651;,
         11.172783;7.655618;81.527379;,
         8.541071;6.636820;71.183610;,
         10.115519;8.510466;82.331507;,
         9.872438;8.283318;80.375552;,
         -0.000001;4.209850;64.932314;,
         0.716593;7.070729;64.426310;,
         0.446785;4.145746;64.984614;,
         0.337846;7.255027;64.284230;,
         -0.000001;7.315250;64.239546;,
         2.742944;5.868462;64.944640;,
         1.372077;6.727701;64.620627;,
         1.926786;3.383708;65.502157;,
         4.409604;4.715462;65.401504;,
         5.632335;3.515034;65.959693;,
         4.431908;1.071546;67.187942;,
         6.503393;2.641082;66.580813;,
         7.354592;1.812981;67.422797;,
         3.280922;-0.366898;67.527341;,
         2.702684;0.927614;66.674989;,
         7.126745;-1.062084;70.021536;,
         4.565932;-1.342632;68.792186;,
         5.572507;-0.004607;68.264755;,
         8.074938;1.206580;68.346362;,
         -0.000001;-2.259528;67.710925;,
         1.682200;-1.375691;67.140090;,
         1.934119;-1.500562;67.651110;,
         -0.000001;-2.140091;67.295181;,
         3.243313;2.247305;66.256506;,
         8.517879;0.092022;70.074733;,
         9.352034;-1.273526;72.725581;,
         8.408160;0.957008;68.959552;,
         10.170730;6.870627;76.273882;,
         10.651992;7.431491;76.313453;,
         10.463031;6.885120;75.220954;,
         2.964136;8.564430;75.538643;,
         3.247279;8.454463;75.779437;,
         3.492518;8.573498;75.618106;,
         10.960194;6.717096;77.358419;,
         11.723282;6.228314;77.177818;,
         11.019142;6.892138;76.707309;,
         4.754477;8.412971;76.364486;,
         4.312580;9.095253;76.567040;,
         4.580294;9.183406;76.866931;,
         10.074211;6.535580;75.284941;,
         10.180263;6.534908;74.388339;,
         4.461748;8.334341;75.983328;,
         3.880135;8.759479;75.798963;,
         4.124788;8.950234;76.227661;,
         5.627224;9.244694;77.409677;,
         11.049736;6.404204;76.493338;,
         10.390762;7.719195;76.930182;,
         9.946146;7.147213;76.695699;,
         9.842528;8.076765;77.381126;,
         10.512237;7.098477;77.665248;,
         8.952882;8.480734;77.760851;,
         8.102002;8.811730;77.906291;,
         9.254330;8.202990;78.027014;,
         3.725800;8.603652;76.634874;,
         8.102002;8.811730;77.906291;,
         6.981661;9.085954;77.809440;,
         8.248297;8.749053;78.331642;,
         4.119410;8.887318;76.802432;,
         9.684679;6.308724;73.537446;,
         10.317642;6.216419;74.371520;,
         3.544282;8.317500;75.500883;,
         3.973586;8.272470;75.613363;,
         4.168007;8.756073;77.225389;,
         3.890606;8.698585;76.969075;,
         3.155680;8.879030;76.481344;,
         3.646935;8.858248;76.612998;,
         3.484179;8.679595;76.520749;,
         3.578344;8.747231;76.761811;,
         3.698068;8.682946;75.985370;,
         3.327286;8.484154;76.006278;,
         3.330490;8.598553;75.904122;,
         3.608878;8.445295;76.256947;,
         2.884049;8.640031;75.826848;,
         5.007510;10.308855;81.205005;,
         5.632848;10.256867;82.034317;,
         5.685011;10.185902;81.491546;,
         4.938525;10.390421;81.780090;,
         6.462461;10.049094;82.232026;,
         6.488638;9.998715;81.735283;,
         4.050664;9.175018;77.714080;,
         4.903484;9.129410;77.976250;,
         4.096531;9.115586;77.624704;,
         4.861831;9.205577;78.117472;,
         5.710294;9.182808;78.472960;,
         5.737866;9.081256;78.276858;,
         7.184959;8.922083;78.761510;,
         6.555041;8.999285;78.524480;,
         6.541446;9.077504;78.680902;,
         7.196633;8.872966;78.654810;,
         3.676459;10.468906;80.393530;,
         4.180214;10.475921;81.258067;,
         4.292920;10.416429;80.801626;,
         3.579805;10.508087;80.689402;,
         8.005817;9.566944;82.264390;,
         7.238511;9.789021;81.904186;,
         7.281283;9.822449;82.324685;,
         7.985720;9.549038;82.003309;,
         3.047869;10.474609;79.927526;,
         8.611535;9.276190;82.060122;,
         3.607618;9.119995;77.451162;,
         7.707210;8.737506;78.723187;,
         6.951419;8.295546;77.268896;,
         6.981661;9.085954;77.809440;,
         7.852718;8.082573;77.405344;,
         8.780451;7.763813;77.328941;,
         5.345673;8.807028;77.839507;,
         10.687023;6.216765;75.315245;,
         9.061496;8.610599;78.363942;,
         9.254330;8.202990;78.027014;,
         8.003228;8.472794;78.625971;,
         9.015574;8.331143;78.689453;,
         8.941178;8.605498;78.640493;,
         10.952116;7.419090;78.027418;,
         10.452006;7.580021;77.751962;,
         10.472114;7.392971;78.021779;,
         10.069000;7.754426;77.664384;,
         8.248297;8.749053;78.331642;,
         6.924332;8.662718;78.449094;,
         9.557988;8.349526;78.482816;,
         9.806375;8.537407;79.086701;,
         3.314875;6.120360;74.258106;,
         6.703463;5.621225;74.452474;,
         3.675938;5.906583;72.224832;,
         10.169567;5.149627;76.454086;,
         10.662457;5.653809;74.801280;,
         10.025243;4.914714;74.789792;,
         11.012821;5.936327;76.425459;,
         5.010110;6.747107;79.392115;,
         3.045193;8.099370;79.262835;,
         4.687173;8.185493;80.225235;,
         3.520269;6.643958;78.405818;,
         9.855495;5.626730;72.867590;,
         9.303578;4.898804;72.501990;,
         6.106262;5.446375;71.571450;,
         7.300077;6.707307;70.687469;,
         6.120826;6.968815;70.683802;,
         7.565485;5.185585;71.698336;,
         6.807923;5.991642;76.940794;,
         3.189698;6.359044;76.546803;,
         7.800833;6.213606;79.601728;,
         9.222084;5.848680;79.094842;,
         2.434253;7.837096;74.295456;,
         2.374466;7.961294;75.954163;,
         4.026332;7.481034;71.216448;,
         2.620529;7.656789;72.583072;,
         6.251046;6.569662;79.565133;,
         2.392181;8.093384;77.606982;,
         8.420028;4.989030;71.877229;,
         9.156750;6.134040;71.341056;,
         4.102451;7.836548;72.983366;,
         4.313345;7.789682;72.350304;,
         4.759582;7.356919;70.920352;,
         4.313345;7.789682;72.350304;,
         4.621313;7.693660;72.000947;,
         5.151398;7.542035;71.817702;,
         6.194817;7.312427;71.699392;,
         7.333960;6.942590;71.691104;,
         8.386447;6.386597;70.877184;,
         8.240420;6.651604;71.797965;,
         8.785605;6.482684;72.093824;,
         9.247482;6.341286;72.715546;,
         9.684679;6.308722;73.537421;,
         9.959970;6.348972;74.480531;,
         10.074211;6.535580;75.284941;,
         10.170730;6.870627;76.273882;,
         10.848929;6.392000;78.178029;,
         9.946146;7.147213;76.695699;,
         9.946146;7.147213;76.695699;,
         9.426245;7.469766;77.005453;,
         9.341470;7.229423;79.448685;,
         8.780451;7.763813;77.328941;,
         7.852718;8.082573;77.405344;,
         8.088382;7.674598;80.568749;,
         6.370237;8.098118;80.557216;,
         6.951419;8.295546;77.268896;,
         5.697488;8.436111;76.885421;,
         4.754477;8.412971;76.364486;,
         4.754477;8.412971;76.364486;,
         4.461748;8.334341;75.983328;,
         3.973586;8.272472;75.613357;,
         3.918377;8.062260;74.541024;,
         9.887198;5.540174;78.270950;,
         4.814296;5.656678;71.644269;,
         8.785605;6.482684;72.093824;,
         5.697488;8.436111;76.885421;,
         6.453260;9.164046;77.659315;,
         6.236473;8.962335;77.948646;,
         6.667068;9.433158;78.152544;,
         6.236473;8.962335;77.948646;,
         6.603046;9.279752;77.877472;,
         6.453260;9.164046;77.659315;,
         5.627224;9.244694;77.409677;,
         6.172351;9.338926;77.768077;,
         9.557988;8.349526;78.482816;,
         9.254330;8.202990;78.027014;,
         10.125917;7.449286;78.037850;,
         10.512237;7.098477;77.665248;,
         10.472114;7.392971;78.021779;,
         10.960194;6.717096;77.358419;,
         11.049736;6.404204;76.493338;,
         11.723282;6.228314;77.177818;,
         9.959970;6.348972;74.480531;,
         9.076306;8.059895;78.471795;,
         8.003228;8.472794;78.625971;,
         10.125917;7.449286;78.037850;,
         9.628830;7.770518;78.292915;,
         9.426245;7.469766;77.005453;,
         10.952116;7.419090;78.027418;,
         6.453260;9.164046;77.659315;,
         12.155899;0.864231;75.485466;,
         12.971924;-0.161653;75.931718;,
         12.421965;-0.814437;73.451821;,
         11.061813;0.785586;73.486150;,
         9.765796;0.925201;71.185510;,
         8.548711;0.889735;69.154816;,
         9.560638;0.705491;69.040378;,
         9.001806;0.318722;68.997766;,
         9.048159;1.472623;69.430656;,
         13.033580;-1.451808;75.700582;,
         14.022493;-1.776076;74.834061;,
         13.635846;-1.010841;75.756845;,
         13.372248;-2.078887;74.864314;,
         13.065964;-2.243076;71.732896;,
         14.050869;-1.978951;73.275264;,
         13.443110;-2.351405;73.357997;,
         13.614274;-1.830548;71.725805;,
         12.522626;-0.505038;75.926528;,
         12.787374;-1.445638;70.407866;,
         12.250294;-1.844055;70.453504;,
         9.001806;0.318722;68.997766;,
         8.517879;0.092022;70.074733;,
         8.548711;0.889735;69.154816;,
         13.033580;-1.451808;75.700582;,
