xof 0303txt 0032
template ColorRGBA {
 <35ff44e0-6c7c-11cf-8f52-0040333594a3>
 FLOAT red;
 FLOAT green;
 FLOAT blue;
 FLOAT alpha;
}

template ColorRGB {
 <d3e16e81-7835-11cf-8f52-0040333594a3>
 FLOAT red;
 FLOAT green;
 FLOAT blue;
}

template Material {
 <3d82ab4d-62da-11cf-ab39-0020af71e433>
 ColorRGBA faceColor;
 FLOAT power;
 ColorRGB specularColor;
 ColorRGB emissiveColor;
 [...]
}

template TextureFilename {
 <a42790e1-7810-11cf-8f52-0040333594a3>
 STRING filename;
}

template Frame {
 <3d82ab46-62da-11cf-ab39-0020af71e433>
 [...]
}

template Matrix4x4 {
 <f6f23f45-7686-11cf-8f52-0040333594a3>
 array FLOAT matrix[16];
}

template FrameTransformMatrix {
 <f6f23f41-7686-11cf-8f52-0040333594a3>
 Matrix4x4 frameMatrix;
}

template Vector {
 <3d82ab5e-62da-11cf-ab39-0020af71e433>
 FLOAT x;
 FLOAT y;
 FLOAT z;
}

template MeshFace {
 <3d82ab5f-62da-11cf-ab39-0020af71e433>
 DWORD nFaceVertexIndices;
 array DWORD faceVertexIndices[nFaceVertexIndices];
}

template Mesh {
 <3d82ab44-62da-11cf-ab39-0020af71e433>
 DWORD nVertices;
 array Vector vertices[nVertices];
 DWORD nFaces;
 array MeshFace faces[nFaces];
 [...]
}

template MeshNormals {
 <f6f23f43-7686-11cf-8f52-0040333594a3>
 DWORD nNormals;
 array Vector normals[nNormals];
 DWORD nFaceNormals;
 array MeshFace faceNormals[nFaceNormals];
}

template MeshMaterialList {
 <f6f23f42-7686-11cf-8f52-0040333594a3>
 DWORD nMaterials;
 DWORD nFaceIndexes;
 array DWORD faceIndexes[nFaceIndexes];
 [Material <3d82ab4d-62da-11cf-ab39-0020af71e433>]
}

template Coords2d {
 <f6f23f44-7686-11cf-8f52-0040333594a3>
 FLOAT u;
 FLOAT v;
}

template MeshTextureCoords {
 <f6f23f40-7686-11cf-8f52-0040333594a3>
 DWORD nTextureCoords;
 array Coords2d textureCoords[nTextureCoords];
}

template XSkinMeshHeader {
 <3cf169ce-ff7c-44ab-93c0-f78f62d172e2>
 WORD nMaxSkinWeightsPerVertex;
 WORD nMaxSkinWeightsPerFace;
 WORD nBones;
}

template SkinWeights {
 <6f0d123b-bad2-4167-a0d0-80224f25fabb>
 STRING transformNodeName;
 DWORD nWeights;
 array DWORD vertexIndices[nWeights];
 array FLOAT weights[nWeights];
 Matrix4x4 matrixOffset;
}

template AnimTicksPerSecond {
 <9e415a43-7ba6-4a73-8743-b73d47e88476>
 DWORD AnimTicksPerSecond;
}

template Animation {
 <3d82ab4f-62da-11cf-ab39-0020af71e433>
 [...]
}

template AnimationSet {
 <3d82ab50-62da-11cf-ab39-0020af71e433>
 [Animation <3d82ab4f-62da-11cf-ab39-0020af71e433>]
}

template FloatKeys {
 <10dd46a9-775b-11cf-8f52-0040333594a3>
 DWORD nValues;
 array FLOAT values[nValues];
}

template TimedFloatKeys {
 <f406b180-7b3b-11cf-8f52-0040333594a3>
 DWORD time;
 FloatKeys tfkeys;
}

template AnimationKey {
 <10dd46a8-775b-11cf-8f52-0040333594a3>
 DWORD keyType;
 DWORD nKeys;
 array TimedFloatKeys keys[nKeys];
}


Material Material__71 {
 0.588000;0.588000;0.588000;1.000000;;
 10.000000;
 0.000000;0.000000;0.000000;;
 0.000000;0.000000;0.000000;;

 TextureFilename {
  "data/MODEL/SD_utc_all2.tga";
 }
}

Material Material__69 {
 0.588000;0.588000;0.588000;1.000000;;
 10.000000;
 0.000000;0.000000;0.000000;;
 0.000000;0.000000;0.000000;;

 TextureFilename {
  "data/MODEL/SD_utc_all2.tga";
 }
}

Material Material__70 {
 0.588000;0.588000;0.588000;1.000000;;
 10.000000;
 0.000000;0.000000;0.000000;;
 0.000000;0.000000;0.000000;;

 TextureFilename {
  "data/MODEL/SD_utc_all2.tga";
 }
}

Material Material__73 {
 0.588000;0.588000;0.588000;1.000000;;
 10.000000;
 0.000000;0.000000;0.000000;;
 0.000000;0.000000;0.000000;;

 TextureFilename {
  "data/MODEL/SD_utc_all2.tga";
 }
}

Material Material__72 {
 0.588000;0.588000;0.588000;1.000000;;
 10.000000;
 0.000000;0.000000;0.000000;;
 0.000000;0.000000;0.000000;;

 TextureFilename {
  "data/MODEL/SD_utc_all2.tga";
 }
}

Material Material__74 {
 0.588000;0.588000;0.588000;1.000000;;
 10.000000;
 0.000000;0.000000;0.000000;;
 0.000000;0.000000;0.000000;;

 TextureFilename {
  "data/MODEL/SD_utc_all2.tga";
 }
}

Material Prop_03 {
 0.588000;0.588000;0.588000;1.000000;;
 0.000000;
 0.000000;0.000000;0.000000;;
 0.000000;0.000000;0.000000;;

 TextureFilename {
  "data/MODEL/Prop_03_DiffuseColor.bmp";
 }
}

Frame Character1_Reference {
 

 FrameTransformMatrix {
  0.367088,-0.031124,-0.138846,0.000000,-0.139768,-0.006843,-0.367993,0.000000,0.026678,0.392409,-0.017430,0.000000,-0.187998,-1.250485,2.607943,1.000000;;
 }

 Frame Character1_Hips {
  

  FrameTransformMatrix {
   1.000000,-0.000000,0.000000,0.000000,0.000000,-0.000000,1.000000,0.000000,0.000000,-1.000000,-0.000000,0.000000,-0.000000,4.912036,41.803344,1.000000;;
  }

  Frame Character1_RightUpLeg {
   

   FrameTransformMatrix {
    0.918842,-0.128313,-0.373183,0.000000,0.256856,0.912384,0.318716,0.000000,0.299591,-0.388704,0.871295,0.000000,-9.838917,-6.464710,0.020457,1.000000;;
   }

   Frame Character1_RightLeg {
    

    FrameTransformMatrix {
     0.938602,-0.324422,-0.117373,0.000000,0.181601,0.753852,-0.631450,0.000000,0.293338,0.571365,0.766482,0.000000,0.000002,-15.186390,2.183432,1.000000;;
    }

    Frame Character1_RightFoot {
     

     FrameTransformMatrix {
      0.903016,0.428252,-0.034109,0.000000,-0.419654,0.896300,0.143303,0.000000,0.091942,-0.115091,0.989091,0.000000,0.000000,-16.433214,3.391634,1.000000;;
     }
    }
   }

   Frame J_R_knee {
    

    FrameTransformMatrix {
     1.000000,0.000000,0.000000,0.000000,-0.000000,1.000000,0.000000,0.000000,-0.000000,0.000000,1.000000,0.000000,0.000002,-15.356181,2.212159,1.000000;;
    }
   }
  }

  Frame Character1_LeftUpLeg {
   

   FrameTransformMatrix {
    0.923532,0.091792,0.372374,0.000000,-0.354103,0.577012,0.735982,0.000000,-0.147307,-0.811561,0.565393,0.000000,9.838925,-6.464726,0.020466,1.000000;;
   }

   Frame Character1_LeftLeg {
    

    FrameTransformMatrix {
     0.972420,0.221264,-0.073773,0.000000,-0.187717,0.554724,-0.810583,0.000000,-0.138429,0.802075,0.580959,0.000000,0.000001,-15.186347,2.183420,1.000000;;
    }

    Frame Character1_LeftFoot {
     

     FrameTransformMatrix {
      0.979474,-0.199195,0.030850,0.000000,0.198182,0.979609,0.033024,0.000000,-0.036800,-0.026232,0.998978,0.000000,0.000001,-16.433227,3.391638,1.000000;;
     }
    }

    Frame J_L_knee {
     

     FrameTransformMatrix {
      1.000000,-0.000000,0.000000,0.000000,-0.000000,1.000000,-0.000000,0.000000,-0.000000,-0.000000,1.000000,0.000000,-0.000002,-0.169813,0.028732,1.000000;;
     }
    }
   }
  }

  Frame J_L_Skirt_00 {
   

   FrameTransformMatrix {
    1.000000,0.000000,0.000000,0.000000,0.000000,0.984808,0.173648,0.000000,-0.000000,-0.173648,0.984808,0.000000,8.367218,1.576824,-5.437758,1.000000;;
   }

   Frame J_L_Skirt_01 {
    

    FrameTransformMatrix {
     1.000000,-0.000000,0.000000,0.000000,0.000000,1.000000,-0.000000,0.000000,0.000000,0.000000,1.000000,0.000000,0.000002,-6.016930,-0.000002,1.000000;;
    }
   }
  }

  Frame J_R_Skirt_00 {
   

   FrameTransformMatrix {
    1.000000,0.000000,0.000000,0.000000,0.000000,0.984808,0.173648,0.000000,-0.000000,-0.173648,0.984808,0.000000,-8.367226,1.576866,-5.437761,1.000000;;
   }

   Frame J_R_Skirt_01 {
    

    FrameTransformMatrix {
     1.000000,-0.000000,0.000000,0.000000,0.000000,1.000000,-0.000000,0.000000,0.000000,0.000000,1.000000,0.000000,-0.000002,-6.016976,0.000011,1.000000;;
    }
   }
  }

  Frame J_R_SkirtBack_01 {
   

   FrameTransformMatrix {
    1.000000,0.000000,0.000000,0.000000,0.000000,1.000000,0.000000,0.000000,0.000000,-0.000000,1.000000,0.000000,-6.589423,-1.982018,4.949108,1.000000;;
   }
  }

  Frame J_L_SkirtBack_01 {
   

   FrameTransformMatrix {
    1.000000,0.000000,0.000000,0.000000,0.000000,1.000000,0.000000,0.000000,0.000000,-0.000000,1.000000,0.000000,6.589424,-1.981941,4.949107,1.000000;;
   }
  }

  Frame Character1_Spine {
   

   FrameTransformMatrix {
    0.993425,0.044485,0.105492,0.000000,0.006795,0.896892,-0.442198,0.000000,-0.114286,0.440007,0.890693,0.000000,-0.000001,0.153980,-0.017591,1.000000;;
   }

   Frame Character1_Spine1 {
    

    FrameTransformMatrix {
     0.999578,0.010039,0.027266,0.000000,-0.007729,0.996474,-0.083542,0.000000,-0.028009,0.083296,0.996131,0.000000,0.000000,4.283531,0.000000,1.000000;;
    }

    Frame Character1_Spine2 {
     

     FrameTransformMatrix {
      0.999592,0.010068,0.026725,0.000000,-0.007799,0.996461,-0.083687,0.000000,-0.027473,0.083444,0.996133,0.000000,0.000000,4.127564,0.015312,1.000000;;
     }

     Frame Character1_RightShoulder {
      

      FrameTransformMatrix {
       0.673264,-0.322229,0.665495,0.000000,0.480034,0.875060,-0.061940,0.000000,-0.562390,0.361163,0.743828,0.000000,-2.673146,10.265495,4.695335,1.000000;;
      }

      Frame Character1_RightArm {
       

       FrameTransformMatrix {
        0.639462,0.446639,0.625781,0.000000,-0.460170,0.874399,-0.153854,0.000000,-0.615900,-0.189582,0.764674,0.000000,-4.694744,0.366829,-0.030060,1.000000;;
       }

       Frame Character1_RightForeArm {
        

        FrameTransformMatrix {
         0.684623,-0.701739,0.197112,0.000000,0.427471,0.605584,0.671220,0.000000,-0.590390,-0.375273,0.714570,0.000000,-11.878666,-0.000050,0.000008,1.000000;;
        }

        Frame Character1_RightHand {
         

         FrameTransformMatrix {
          0.974499,0.178530,0.135941,0.000000,-0.188480,0.322479,0.927622,0.000000,0.121770,-0.929588,0.347904,0.000000,-11.270628,-0.000095,-0.000008,1.000000;;
         }

         Frame Character1_RightHandThumb1 {
          

          FrameTransformMatrix {
           0.749220,0.232285,0.620252,0.000000,0.659619,-0.346194,-0.667123,0.000000,0.059765,0.908952,-0.412595,0.000000,-1.643688,-1.747292,-1.568375,1.000000;;
          }

          Frame Character1_RightHandThumb2 {
           

           FrameTransformMatrix {
            0.690666,0.597119,0.407957,0.000000,-0.413616,0.788911,-0.454469,0.000000,-0.593213,0.145149,0.791852,0.000000,-1.750160,-0.000051,0.000015,1.000000;;
           }

           Frame Character1_RightHandThumb3 {
            

            FrameTransformMatrix {
             0.701341,0.615956,0.358773,0.000000,-0.462798,0.776272,-0.428042,0.000000,-0.542161,0.134164,0.829495,0.000000,-1.031621,-0.000006,0.000053,1.000000;;
            }
           }
          }
         }

         Frame Character1_RightHandIndex1 {
          

          FrameTransformMatrix {
           0.899073,0.422859,0.113395,0.000000,-0.369363,0.871694,-0.322057,0.000000,-0.235030,0.247669,0.939905,0.000000,-4.697762,0.259842,-2.218197,1.000000;;
          }

          Frame Character1_RightHandIndex2 {
           

           FrameTransformMatrix {
            -0.387699,0.921691,0.013217,0.000000,-0.921673,-0.387387,-0.021196,0.000000,-0.014416,-0.020399,0.999688,0.000000,-1.422732,-0.000015,0.000004,1.000000;;
           }
          }
         }

         Frame Character1_RightHandMiddle1 {
          

          FrameTransformMatrix {
           -0.080329,0.984689,-0.154710,0.000000,-0.988327,-0.098841,-0.115933,0.000000,-0.129450,0.143591,0.981134,0.000000,-5.140946,0.610697,-0.634625,1.000000;;
          }

          Frame Character1_RightHandMiddle2 {
           

           FrameTransformMatrix {
            0.484596,0.874531,0.019056,0.000000,-0.874652,0.484739,-0.003519,0.000000,-0.012315,-0.014963,0.999812,0.000000,-1.678072,0.000010,-0.000008,1.000000;;
           }
          }
         }

         Frame Character1_RightHandRing1 {
          

          FrameTransformMatrix {
           -0.169961,0.978596,-0.116030,0.000000,-0.984712,-0.173212,-0.018459,0.000000,-0.038162,0.111119,0.993074,0.000000,-4.934021,0.412552,0.888928,1.000000;;
          }

          Frame Character1_RightHandRing2 {
           

           FrameTransformMatrix {
            0.751643,0.659529,0.007396,0.000000,-0.659567,0.751630,0.004955,0.000000,-0.002291,-0.008603,0.999960,0.000000,-1.306174,0.000013,0.000000,1.000000;;
           }
          }
         }

         Frame Character1_RightHandPinky1 {
          

          FrameTransformMatrix {
           -0.011222,0.983284,-0.181731,0.000000,-0.997592,0.001430,0.069338,0.000000,0.068439,0.182071,0.980901,0.000000,-4.635404,0.095024,2.260208,1.000000;;
          }

          Frame Character1_RightHandPinky2 {
           

           FrameTransformMatrix {
            0.721280,0.692180,0.025362,0.000000,-0.692365,0.721545,-0.001996,0.000000,-0.019681,-0.016120,0.999677,0.000000,-0.959961,0.000113,0.000008,1.000000;;
           }
          }
         }
        }

        Frame J_R_Elbow {
         

         FrameTransformMatrix {
          0.999354,0.001664,-0.035888,0.000000,-0.001197,0.999914,0.013046,0.000000,0.035907,-0.012994,0.999271,0.000000,0.022066,-0.007988,0.468905,1.000000;;
         }
        }

        Frame J_R_ForeArm_00_tw {
         

         FrameTransformMatrix {
          1.000000,-0.000782,-0.000053,0.000000,0.000783,0.999689,0.024933,0.000000,0.000033,-0.024933,0.999689,0.000000,-10.890933,-0.038063,0.009291,1.000000;;
         }
        }

        Frame J_R_Sode_A00 {
         

         FrameTransformMatrix {
          0.981648,-0.016377,0.189997,0.000000,0.013510,0.999775,0.016379,0.000000,-0.190222,-0.013512,0.981648,0.000000,-1.625395,-0.456375,-4.258904,1.000000;;
         }
        }

        Frame J_R_Sode_D00 {
         

         FrameTransformMatrix {
          0.977194,0.208060,-0.042445,0.000000,-0.207079,0.977968,0.026390,0.000000,0.047000,-0.016999,0.998750,0.000000,-1.545733,-3.743225,0.009037,1.000000;;
         }
        }

        Frame J_R_Sode_C00 {
         

         FrameTransformMatrix {
          0.979708,-0.009959,-0.200184,0.000000,0.013510,0.999775,0.016379,0.000000,0.199976,-0.018752,0.979622,0.000000,-1.254331,-0.590572,3.626200,1.000000;;
         }
        }

        Frame J_R_Sode_B00 {
         

         FrameTransformMatrix {
          0.944032,-0.326045,-0.049975,0.000000,0.326487,0.945201,0.000721,0.000000,0.047002,-0.016997,0.998750,0.000000,-1.070169,2.043190,0.085136,1.000000;;
         }
        }
       }

       Frame J_R_Arm_00_tw {
        

        FrameTransformMatrix {
         1.000000,0.000173,0.000000,0.000000,-0.000173,0.999242,0.038928,0.000000,0.000007,-0.038928,0.999242,0.000000,0.061829,0.002911,0.000042,1.000000;;
        }

        Frame J_R_Sode_E00 {
         

         FrameTransformMatrix {
          1.000000,0.000003,-0.000000,0.000000,-0.000003,0.999990,-0.004461,0.000000,0.000000,0.004461,0.999990,0.000000,-2.375820,0.000095,0.000000,1.000000;;
         }
        }
       }
      }
     }

     Frame Character1_Neck {
      

      FrameTransformMatrix {
       0.999896,0.012911,0.006472,0.000000,-0.012938,0.999908,0.004175,0.000000,-0.006418,-0.004258,0.999971,0.000000,0.000000,13.308445,4.726725,1.000000;;
      }

      Frame Character1_Head {
       

       FrameTransformMatrix {
        0.999896,0.012650,0.006988,0.000000,-0.012679,0.999911,0.004141,0.000000,-0.006935,-0.004229,0.999967,0.000000,0.000000,3.046852,-0.804213,1.000000;;
       }

       Frame J_L_HeadRibbon_00 {
        

        FrameTransformMatrix {
         0.834400,-0.548929,-0.049529,0.000000,0.498840,0.713924,0.491397,0.000000,-0.234382,-0.434728,0.869527,0.000000,7.951541,31.364051,-6.875416,1.000000;;
        }

        Frame J_L_HeadRibbon_01 {
         

         FrameTransformMatrix {
          0.949003,0.024136,-0.314342,0.000000,0.296521,-0.407021,0.863949,0.000000,-0.107092,-0.913100,-0.393421,0.000000,-0.000008,24.783661,-0.000013,1.000000;;
         }

         Frame J_L_HeadRibbon_02 {
          

          FrameTransformMatrix {
           0.990314,-0.016374,0.137876,0.000000,0.138507,0.047367,-0.989228,0.000000,0.009667,0.998743,0.049176,0.000000,-0.000002,13.667954,0.000015,1.000000;;
          }
         }
        }
       }

       Frame J_R_HeadRibbon_00 {
        

        FrameTransformMatrix {
         0.827137,0.558995,0.058032,0.000000,-0.511298,0.705631,0.490571,0.000000,0.233277,-0.435441,0.869467,0.000000,-7.951541,31.363962,-6.875418,1.000000;;
        }

        Frame J_R_HeadRibbon_01 {
         

         FrameTransformMatrix {
          0.948690,-0.009860,0.316054,0.000000,-0.291966,-0.411119,0.863560,0.000000,0.121421,-0.911529,-0.392904,0.000000,0.000114,24.783790,-0.000105,1.000000;;
         }

         Frame J_R_HeadRibbon_02 {
          

          FrameTransformMatrix {
           0.990314,0.016374,-0.137876,0.000000,-0.138508,0.047372,-0.989228,0.000000,-0.009666,0.998743,0.049181,0.000000,-0.000080,13.668061,0.000130,1.000000;;
          }
         }
        }
       }

       Frame bone_eye_L {
        

        FrameTransformMatrix {
         1.000000,0.000000,0.000000,0.000000,0.000000,1.000000,0.000000,0.000000,0.000000,0.000000,1.000000,0.000000,2.689333,10.205627,4.649832,1.000000;;
        }
       }

       Frame bone_eye_R {
        

        FrameTransformMatrix {
         1.000000,0.000000,0.000000,0.000000,0.000000,1.000000,0.000000,0.000000,0.000000,0.000000,1.000000,0.000000,-2.689327,10.205605,4.649840,1.000000;;
        }
       }

       Frame J_L_HairTail_00 {
        

        FrameTransformMatrix {
         0.920104,0.207389,-0.332263,0.000000,-0.353711,0.804307,-0.477471,0.000000,0.168219,0.556848,0.813402,0.000000,8.453450,7.472481,12.091135,1.000000;;
        }

        Frame J_L_HairTail_01 {
         

         FrameTransformMatrix {
          1.000000,-0.000000,0.000000,0.000000,-0.000000,1.000000,0.000000,0.000000,0.000000,-0.000000,1.000000,0.000000,0.000002,-19.820906,-0.000015,1.000000;;
         }

         Frame J_L_HairTail_02 {
          

          FrameTransformMatrix {
           1.000000,0.000000,-0.000000,0.000000,-0.000000,1.000000,0.000000,0.000000,0.000000,0.000000,1.000001,0.000000,0.000000,-22.249184,0.000015,1.000000;;
          }
         }
        }
       }

       Frame J_R_HairTail_00 {
        

        FrameTransformMatrix {
         0.920104,-0.207389,0.332263,0.000000,0.353711,0.804307,-0.477471,0.000000,-0.168219,0.556848,0.813402,0.000000,-8.453456,7.472351,12.091127,1.000000;;
        }

        Frame J_R_HairTail_01 {
         

         FrameTransformMatrix {
          1.000000,-0.000000,0.000000,0.000000,0.000000,1.000000,0.000000,0.000000,0.000000,0.000000,1.000000,0.000000,0.000010,-19.820808,0.000107,1.000000;;
         }

         Frame J_R_HairTail_02 {
          

          FrameTransformMatrix {
           1.000000,0.000000,0.000000,0.000000,0.000000,1.000000,0.000000,0.000000,-0.000000,0.000000,1.000000,0.000000,0.000039,-22.249264,-0.000053,1.000000;;
          }
         }
        }
       }

       Frame J_L_HairSide_00 {
        

        FrameTransformMatrix {
         0.605947,-0.771250,0.194938,0.000000,0.783435,0.621084,0.022012,0.000000,-0.138050,0.139383,0.980569,0.000000,7.298516,27.946150,-9.341246,1.000000;;
        }

        Frame J_L_HairSide_01 {
         

         FrameTransformMatrix {
          0.761422,-0.633232,0.138758,0.000000,0.640644,0.767747,-0.011804,0.000000,-0.099057,0.097882,0.990256,0.000000,12.410904,-0.000031,0.000006,1.000000;;
         }
        }
       }

       Frame J_R_HairSide_00 {
        

        FrameTransformMatrix {
         0.605947,0.771250,-0.194938,0.000000,-0.783435,0.621084,0.022012,0.000000,0.138050,0.139383,0.980569,0.000000,-7.298515,27.946259,-9.341250,1.000000;;
        }

        Frame J_R_HairSide_01 {
         

         FrameTransformMatrix {
          0.761422,0.633232,-0.138758,0.000000,-0.640644,0.767747,-0.011802,0.000000,0.099058,0.097881,0.990256,0.000000,-12.411087,-0.000111,-0.000017,1.000000;;
         }
        }
       }

       Frame J_L_HairFront_00 {
        

        FrameTransformMatrix {
         0.999667,0.025135,-0.005840,0.000000,-0.024696,0.997521,0.065890,0.000000,0.007481,-0.065724,0.997810,0.000000,-0.047760,28.018051,-10.220730,1.000000;;
        }
       }

       Frame J_R_HairFront_00 {
        

        FrameTransformMatrix {
         0.988937,-0.147478,-0.015950,0.000000,0.148286,0.980023,0.132541,0.000000,-0.003916,-0.133440,0.991049,0.000000,-1.439927,28.018035,-9.940760,1.000000;;
        }
       }

       Frame J_L_HairSide2_00 {
        

        FrameTransformMatrix {
         1.000000,0.000000,0.000000,0.000000,-0.000000,1.000000,0.000000,0.000000,0.000000,0.000000,1.000000,0.000000,13.977990,14.276146,-3.265358,1.000000;;
        }
       }

       Frame J_R_HairSide2_00 {
        

        FrameTransformMatrix {
         1.000000,0.000000,0.000000,0.000000,-0.000000,1.000000,0.000000,0.000000,0.000000,0.000000,1.000000,0.000000,-13.977981,14.276077,-3.265347,1.000000;;
        }
       }

       Frame _face {
        

        FrameTransformMatrix {
         1.000000,0.000000,0.000000,0.000000,0.000000,-0.000000,-1.000000,0.000000,0.000000,1.000000,0.000000,0.000000,0.000002,-66.723738,0.991808,1.000000;;
        }

        Mesh _face {
         1217;
         1.372077;6.727699;64.620627;,
         0.808552;7.487940;64.588646;,
         1.633849;7.155455;64.792013;,
         0.716593;7.070727;64.426310;,
         -0.000001;8.015342;64.661933;,
         0.383470;7.671986;64.442355;,
         -0.000001;7.770771;64.379622;,
         0.336690;7.904853;64.695533;,
         9.048235;1.837601;69.342074;,
         9.745216;3.525837;69.461888;,
         10.166693;3.348327;70.435379;,
         0.961719;10.774628;70.300723;,
         0.437421;10.921858;69.185075;,
         0.149719;11.357530;70.591245;,
         -0.000002;11.014080;69.185274;,
         -0.000002;11.094774;83.744742;,
         3.758478;10.601981;83.717600;,
         3.254154;10.403253;80.903616;,
         -0.000002;9.500413;73.631872;,
         1.090006;9.084416;73.497472;,
         -0.000002;9.650738;72.771104;,
         9.765796;0.925198;71.185510;,
         10.992652;3.034364;72.376166;,
         11.061813;0.785584;73.486150;,
         6.188411;7.441586;71.427142;,
         5.109640;7.747642;71.589792;,
         6.194826;7.312427;71.699418;,
         1.696257;7.414026;65.013606;,
         0.858386;7.696830;64.809037;,
         7.431710;7.941799;69.226464;,
         7.240863;7.720130;68.079386;,
         5.972022;8.453264;68.220365;,
         0.168711;11.215310;70.975642;,
         -0.000002;10.267179;71.504474;,
         0.482777;10.219393;71.360582;,
         -0.000002;11.270766;71.028518;,
         10.600236;3.164170;71.590682;,
         10.564589;5.058622;72.062067;,
         9.220610;3.743235;68.481562;,
         9.689780;5.476186;69.401254;,
         -0.000002;11.398747;70.593299;,
         4.758405;5.294412;65.465408;,
         5.045020;6.112162;65.675296;,
         6.310888;5.263959;66.132966;,
         4.639726;8.065173;66.732160;,
         4.227373;7.490686;66.021779;,
         3.041594;8.004654;66.301094;,
         5.787751;8.026138;67.277338;,
         5.549012;7.407193;66.491552;,
         7.001476;3.300153;66.597197;,
         7.505959;4.628020;66.708550;,
         8.452917;4.092131;67.506522;,
         0.418272;8.792850;66.217210;,
         -0.000001;8.765153;66.386950;,
         0.393074;8.690778;66.411590;,
         -0.000002;8.904538;66.180826;,
         0.151733;11.314604;70.811795;,
         -0.000002;11.383109;70.818957;,
         3.037048;9.124394;70.846067;,
         3.302848;9.676394;69.806944;,
         1.990538;10.232350;70.062662;,
         2.020468;10.400440;69.068749;,
         3.230012;9.834400;68.871501;,
         1.069503;10.772902;69.167104;,
         0.427639;9.204038;66.430976;,
         -0.000002;9.413477;66.495821;,
         0.432329;9.334757;66.530765;,
         -0.000002;9.266310;66.398451;,
         0.926473;9.475250;67.052282;,
         1.172669;8.954302;66.616691;,
         0.833478;9.169910;66.561190;,
         1.271332;9.338894;67.068461;,
         0.504939;10.407901;68.005645;,
         -0.000002;10.520593;68.005280;,
         1.658749;9.183947;67.059968;,
         1.836651;9.908014;67.968902;,
         4.683046;10.183046;81.652275;,
         -0.000002;10.017446;77.138944;,
         1.920254;9.288867;76.982790;,
         -0.000002;9.568334;75.154976;,
         3.015939;8.666147;76.516538;,
         1.434264;8.939238;75.040582;,
         0.879543;9.326871;72.598458;,
         0.648376;9.743779;71.871366;,
         4.746926;8.508922;70.530733;,
         3.099141;8.689267;71.390566;,
         4.876122;8.095598;71.159034;,
         -0.000002;10.743194;79.784768;,
         2.888660;10.083591;79.276083;,
         3.638662;9.229546;77.846438;,
         6.213055;7.970046;70.344538;,
         7.447355;7.579669;70.276198;,
         6.099288;8.533325;69.355731;,
         12.905629;4.598602;79.878278;,
         12.454508;4.647180;78.157882;,
         11.945142;6.237798;78.464922;,
         9.547070;6.104759;71.222342;,
         9.456698;6.287780;70.292352;,
         8.529108;7.084810;70.275782;,
         9.150882;6.519015;69.242381;,
         8.164713;6.958146;68.090810;,
         8.406954;7.254030;69.180026;,
         5.220469;6.769538;65.956774;,
         9.715946;6.033882;71.957318;,
         10.212706;5.897972;72.842310;,
         9.148075;6.307286;71.775987;,
         0.838907;7.953892;65.251290;,
         1.723129;7.689916;65.464083;,
         0.474777;9.645780;67.022483;,
         -0.000002;9.761804;66.983763;,
         1.331948;9.776481;71.162080;,
         4.581426;9.158068;68.570950;,
         3.772117;9.070616;67.733210;,
         8.535398;5.851196;67.687904;,
         7.778487;6.039942;67.059584;,
         7.985278;2.536325;67.600339;,
         6.990819;7.246663;67.166221;,
         2.771888;9.517146;67.893472;,
         12.065110;6.570066;80.209587;,
         8.785602;6.482682;72.093843;,
         9.247478;6.341284;72.715552;,
         7.520131;9.701536;83.255763;,
         7.457182;9.674267;85.746016;,
         10.311600;8.623806;84.180755;,
         9.948692;6.103347;73.189875;,
         10.317642;6.216416;74.371520;,
         5.151398;7.542033;71.817702;,
         6.211786;7.592031;71.052275;,
         2.472549;8.480470;74.822778;,
         3.247822;8.226122;74.671418;,
         1.957177;8.701387;73.332000;,
         7.333961;6.942587;71.691104;,
         0.354756;8.420290;65.597818;,
         -0.000002;8.278273;65.128230;,
         -0.000002;8.530844;65.535264;,
         0.334362;8.147486;65.181363;,
         0.836148;8.563611;65.970387;,
         0.416562;8.701228;65.893146;,
         0.816578;8.321858;65.697472;,
         2.385780;8.911401;67.004250;,
         8.548711;0.889733;69.154816;,
         8.408160;0.957006;68.959552;,
         9.048159;1.472621;69.430656;,
         8.074938;1.206578;68.346362;,
         8.603971;2.016057;68.495667;,
         7.354592;1.812979;67.422797;,
         6.503393;2.641080;66.580813;,
         5.632335;3.515032;65.959693;,
         4.409604;4.715460;65.401504;,
         2.742944;5.868461;64.944640;,
         0.337845;7.255025;64.284230;,
         3.030651;7.037441;65.301939;,
         3.038374;7.487150;65.724141;,
         -0.000002;8.798655;65.856826;,
         -0.000002;9.856550;72.039674;,
         4.615906;9.138414;69.587578;,
         4.630885;8.648944;67.519334;,
         1.717650;8.018478;65.900186;,
         1.637886;8.361776;66.261235;,
         2.292391;8.453462;66.522688;,
         1.055243;10.226514;68.010765;,
         7.453549;9.534473;81.634707;,
         10.296383;5.091888;71.375181;,
         9.974187;5.253308;70.320832;,
         10.952482;4.963055;72.978291;,
         9.202138;5.675217;68.474259;,
         6.636878;6.353682;66.449843;,
         2.957713;6.539764;65.046547;,
         3.450888;8.564679;66.954163;,
         6.029670;4.165740;66.007789;,
         1.209985;8.396072;66.517728;,
         1.267379;8.493045;66.418445;,
         1.192082;8.400652;66.519136;,
         1.413439;8.516855;66.519373;,
         -0.000001;8.765153;66.386950;,
         0.393074;8.690778;66.411590;,
         4.621313;7.693659;72.000986;,
         3.918383;8.062255;74.540998;,
         3.150057;8.192655;73.100205;,
         4.102454;7.836546;72.983386;,
         3.118286;8.379989;72.217222;,
         1.685889;8.993906;72.423174;,
         3.608878;8.445294;76.256947;,
         3.973586;8.272469;75.613376;,
         4.497358;7.870445;71.822304;,
         8.413932;6.622567;71.506522;,
         8.240420;6.651601;71.797965;,
         7.335990;7.020888;71.384352;,
         7.380073;7.131468;71.067885;,
         4.313345;7.789680;72.350304;,
         0.823843;9.036189;66.465683;,
         0.753710;8.537851;66.453459;,
         0.432329;9.334757;66.530765;,
         1.144386;8.808988;66.534234;,
         1.001633;8.455651;66.480992;,
         0.753710;8.537851;66.453459;,
         0.811575;8.655759;66.277926;,
         1.084459;8.535054;66.363808;,
         0.839329;8.664668;66.133408;,
         1.154275;8.536540;66.221939;,
         1.001633;8.455651;66.480992;,
         0.836148;8.563611;65.970387;,
         0.422933;8.803564;66.056269;,
         0.416562;8.701228;65.893146;,
         -0.000001;7.315247;64.239546;,
         1.172669;8.954302;66.616691;,
         1.390711;8.677774;66.575507;,
         1.520742;8.749954;66.646291;,
         1.357914;8.495376;66.296954;,
         1.550180;8.509091;66.436224;,
         0.833478;9.169910;66.561190;,
         -0.000002;9.413477;66.495821;,
         1.213691;8.427194;66.084006;,
         1.637886;8.361776;66.261235;,
         1.777910;8.589414;66.579821;,
         1.520742;8.749954;66.646291;,
         1.483658;9.316103;71.714221;,
         -0.000002;8.900986;66.030822;,
         -0.000002;8.798655;65.856826;,
         11.445690;2.871313;73.350746;,
         12.155900;0.864229;75.485466;,
         12.141434;2.556039;75.324486;,
         12.875202;2.348008;77.631674;,
         11.449268;4.878984;74.328922;,
         11.896621;4.739299;75.794381;,
         11.049736;6.404201;76.493338;,
         11.719554;6.012468;77.130022;,
         11.352591;5.877570;75.823379;,
         4.529985;9.643926;79.404448;,
         -0.000002;10.690421;86.892000;,
         3.794342;10.483860;86.567802;,
         10.687023;6.216762;75.315245;,
         10.901460;5.816434;74.315251;,
         5.345672;8.807026;77.839507;,
         9.699629;7.905058;79.105306;,
         10.954253;7.425226;79.664307;,
         10.988671;6.922485;78.373152;,
         6.383737;9.168936;79.577165;,
         8.092703;8.621065;79.383117;,
         6.924332;8.662716;78.449094;,
         9.076306;8.059894;78.471795;,
         6.135406;8.749509;78.172179;,
         3.890606;8.698582;76.969075;,
         4.168007;8.756071;77.225389;,
         3.725800;8.603650;76.634874;,
         10.125917;7.449284;78.037850;,
         9.628830;7.770516;78.292915;,
         10.512237;7.098474;77.665248;,
         8.003228;8.472793;78.625971;,
         10.960194;6.717094;77.358419;,
         1.777910;8.589414;66.579821;,
         1.192082;8.400652;66.519136;,
         1.213691;8.427194;66.084006;,
         12.169822;6.673784;82.089651;,
         11.172783;7.655615;81.527379;,
         8.541071;6.636818;71.183610;,
         10.115519;8.510462;82.331507;,
         9.872438;8.283316;80.375552;,
         -0.000001;4.209848;64.932314;,
         0.716593;7.070727;64.426310;,
         0.446785;4.145744;64.984614;,
         0.337845;7.255025;64.284230;,
         -0.000001;7.315247;64.239546;,
         2.742944;5.868461;64.944640;,
         1.372077;6.727699;64.620627;,
         1.926786;3.383706;65.502157;,
         4.409604;4.715460;65.401504;,
         5.632335;3.515032;65.959693;,
         4.431908;1.071544;67.187942;,
         6.503393;2.641080;66.580813;,
         7.354592;1.812979;67.422797;,
         3.280922;-0.366900;67.527341;,
         2.702684;0.927612;66.674989;,
         7.126746;-1.062086;70.021536;,
         4.565932;-1.342634;68.792186;,
         5.572507;-0.004609;68.264755;,
         8.074938;1.206578;68.346362;,
         -0.000002;-2.259529;67.710925;,
         1.682200;-1.375693;67.140090;,
         1.934119;-1.500564;67.651110;,
         -0.000001;-2.140093;67.295181;,
         3.243313;2.247303;66.256506;,
         8.517879;0.092020;70.074733;,
         9.352034;-1.273528;72.725581;,
         8.408160;0.957006;68.959552;,
         10.170730;6.870625;76.273882;,
         10.651992;7.431489;76.313453;,
         10.463031;6.885118;75.220954;,
         2.964136;8.564427;75.538643;,
         3.247279;8.454461;75.779437;,
         3.492518;8.573497;75.618106;,
         10.960194;6.717094;77.358419;,
         11.723282;6.228312;77.177818;,
         11.019142;6.892136;76.707309;,
         4.754476;8.412970;76.364486;,
         4.312579;9.095251;76.567040;,
         4.580293;9.183404;76.866931;,
         10.074211;6.535578;75.284941;,
         10.180263;6.534906;74.388339;,
         4.461747;8.334339;75.983328;,
         3.880135;8.759478;75.798963;,
         4.124788;8.950231;76.227661;,
         5.627224;9.244693;77.409677;,
         11.049736;6.404201;76.493338;,
         10.390762;7.719193;76.930182;,
         9.946146;7.147210;76.695699;,
         9.842528;8.076763;77.381126;,
         10.512237;7.098474;77.665248;,
         8.952882;8.480732;77.760851;,
         8.102002;8.811727;77.906291;,
         9.254330;8.202988;78.027014;,
         3.725800;8.603650;76.634874;,
         8.102002;8.811727;77.906291;,
         6.981661;9.085952;77.809440;,
         8.248297;8.749051;78.331642;,
         4.119409;8.887317;76.802432;,
         9.684679;6.308722;73.537446;,
         10.317642;6.216416;74.371520;,
         3.544282;8.317498;75.500883;,
         3.973586;8.272469;75.613363;,
         4.168007;8.756071;77.225389;,
         3.890606;8.698582;76.969075;,
         3.155680;8.879028;76.481344;,
         3.646935;8.858246;76.612998;,
         3.484179;8.679593;76.520749;,
         3.578344;8.747230;76.761811;,
         3.698068;8.682944;75.985370;,
         3.327286;8.484152;76.006278;,
         3.330490;8.598550;75.904122;,
         3.608878;8.445294;76.256947;,
         2.884049;8.640029;75.826848;,
         5.007510;10.308852;81.205005;,
         5.632848;10.256865;82.034317;,
         5.685011;10.185898;81.491546;,
         4.938525;10.390418;81.780090;,
         6.462462;10.049091;82.232026;,
         6.488638;9.998713;81.735283;,
         4.050664;9.175015;77.714080;,
         4.903484;9.129409;77.976250;,
         4.096531;9.115583;77.624704;,
         4.861830;9.205575;78.117472;,
         5.710293;9.182806;78.472960;,
         5.737865;9.081254;78.276858;,
         7.184959;8.922081;78.761510;,
         6.555041;8.999283;78.524480;,
         6.541446;9.077502;78.680902;,
         7.196633;8.872965;78.654810;,
         3.676459;10.468902;80.393530;,
         4.180214;10.475918;81.258067;,
         4.292920;10.416426;80.801626;,
         3.579804;10.508084;80.689402;,
         8.005817;9.566942;82.264390;,
         7.238512;9.789018;81.904186;,
         7.281283;9.822446;82.324685;,
         7.985720;9.549035;82.003309;,
         3.047869;10.474606;79.927526;,
         8.611535;9.276188;82.060122;,
         3.607618;9.119994;77.451162;,
         7.707210;8.737504;78.723187;,
         6.951419;8.295544;77.268896;,
         6.981661;9.085952;77.809440;,
         7.852718;8.082571;77.405344;,
         8.780451;7.763810;77.328941;,
         5.345672;8.807026;77.839507;,
         10.687023;6.216762;75.315245;,
         9.061496;8.610598;78.363942;,
         9.254330;8.202988;78.027014;,
         8.003228;8.472793;78.625971;,
         9.015574;8.331142;78.689453;,
         8.941178;8.605497;78.640493;,
         10.952116;7.419087;78.027418;,
         10.452006;7.580018;77.751962;,
         10.472114;7.392969;78.021779;,
         10.069000;7.754424;77.664384;,
         8.248297;8.749051;78.331642;,
         6.924332;8.662716;78.449094;,
         9.557988;8.349525;78.482816;,
         9.806375;8.537404;79.086701;,
         3.314875;6.120358;74.258106;,
         6.703463;5.621222;74.452474;,
         3.675938;5.906580;72.224832;,
         10.169567;5.149625;76.454086;,
         10.662457;5.653807;74.801280;,
         10.025243;4.914712;74.789792;,
         11.012821;5.936324;76.425459;,
         5.010110;6.747105;79.392115;,
         3.045193;8.099368;79.262835;,
         4.687173;8.185490;80.225235;,
         3.520269;6.643956;78.405818;,
         9.855495;5.626728;72.867590;,
         9.303578;4.898801;72.501990;,
         6.106263;5.446373;71.571450;,
         7.300078;6.707305;70.687469;,
         6.120826;6.968814;70.683802;,
         7.565486;5.185583;71.698336;,
         6.807923;5.991640;76.940794;,
         3.189698;6.359041;76.546803;,
         7.800833;6.213603;79.601728;,
         9.222084;5.848678;79.094842;,
         2.434253;7.837094;74.295456;,
         2.374466;7.961291;75.954163;,
         4.026332;7.481031;71.216448;,
         2.620529;7.656786;72.583072;,
         6.251046;6.569660;79.565133;,
         2.392181;8.093382;77.606982;,
         8.420028;4.989028;71.877229;,
         9.156750;6.134038;71.341056;,
         4.102451;7.836546;72.983366;,
         4.313345;7.789680;72.350304;,
         4.759582;7.356917;70.920352;,
         4.313345;7.789680;72.350304;,
         4.621313;7.693658;72.000947;,
         5.151398;7.542033;71.817702;,
         6.194818;7.312425;71.699392;,
         7.333961;6.942587;71.691104;,
         8.386447;6.386595;70.877184;,
         8.240420;6.651601;71.797965;,
         8.785605;6.482681;72.093824;,
         9.247482;6.341284;72.715546;,
         9.684679;6.308719;73.537421;,
         9.959970;6.348970;74.480531;,
         10.074211;6.535578;75.284941;,
         10.170730;6.870625;76.273882;,
         10.848929;6.391997;78.178029;,
         9.946146;7.147210;76.695699;,
         9.946146;7.147210;76.695699;,
         9.426245;7.469764;77.005453;,
         9.341470;7.229421;79.448685;,
         8.780451;7.763810;77.328941;,
         7.852718;8.082571;77.405344;,
         8.088382;7.674596;80.568749;,
         6.370238;8.098115;80.557216;,
         6.951419;8.295544;77.268896;,
         5.697487;8.436110;76.885421;,
         4.754476;8.412970;76.364486;,
         4.754476;8.412970;76.364486;,
         4.461747;8.334339;75.983328;,
         3.973586;8.272470;75.613357;,
         3.918377;8.062258;74.541024;,
         9.887198;5.540172;78.270950;,
         4.814296;5.656676;71.644269;,
         8.785605;6.482681;72.093824;,
         5.697487;8.436110;76.885421;,
         6.453260;9.164043;77.659315;,
         6.236473;8.962334;77.948646;,
         6.667068;9.433156;78.152544;,
         6.236473;8.962334;77.948646;,
         6.603046;9.279750;77.877472;,
         6.453260;9.164043;77.659315;,
         5.627224;9.244693;77.409677;,
         6.172351;9.338923;77.768077;,
         9.557988;8.349525;78.482816;,
         9.254330;8.202988;78.027014;,
         10.125917;7.449284;78.037850;,
         10.512237;7.098474;77.665248;,
         10.472114;7.392969;78.021779;,
         10.960194;6.717094;77.358419;,
         11.049736;6.404201;76.493338;,
         11.723282;6.228312;77.177818;,
         9.959970;6.348970;74.480531;,
         9.076306;8.059894;78.471795;,
         8.003228;8.472793;78.625971;,
         10.125917;7.449284;78.037850;,
         9.628830;7.770516;78.292915;,
         9.426245;7.469764;77.005453;,
         10.952116;7.419087;78.027418;,
         6.453260;9.164043;77.659315;,
         12.155900;0.864229;75.485466;,
         12.971925;-0.161656;75.931718;,
         12.421966;-0.814439;73.451821;,
         11.061813;0.785584;73.486150;,
         9.765796;0.925198;71.185510;,
         8.548711;0.889733;69.154816;,
         9.560638;0.705489;69.040378;,
         9.001806;0.318720;68.997766;,
         9.048159;1.472621;69.430656;,
         13.033581;-1.451810;75.700582;,
         14.022493;-1.776078;74.834061;,
         13.635848;-1.010843;75.756845;,
         13.372249;-2.078889;74.864314;,
         13.065965;-2.243078;71.732896;,
         14.050869;-1.978953;73.275264;,
         13.443112;-2.351407;73.357997;,
         13.614274;-1.830550;71.725805;,
         12.522627;-0.505040;75.926528;,
         12.787374;-1.445640;70.407866;,
