xof 0303txt 0032
template ColorRGBA {
 <35ff44e0-6c7c-11cf-8f52-0040333594a3>
 FLOAT red;
 FLOAT green;
 FLOAT blue;
 FLOAT alpha;
}

template ColorRGB {
 <d3e16e81-7835-11cf-8f52-0040333594a3>
 FLOAT red;
 FLOAT green;
 FLOAT blue;
}

template Material {
 <3d82ab4d-62da-11cf-ab39-0020af71e433>
 ColorRGBA faceColor;
 FLOAT power;
 ColorRGB specularColor;
 ColorRGB emissiveColor;
 [...]
}

template TextureFilename {
 <a42790e1-7810-11cf-8f52-0040333594a3>
 STRING filename;
}

template Frame {
 <3d82ab46-62da-11cf-ab39-0020af71e433>
 [...]
}

template Matrix4x4 {
 <f6f23f45-7686-11cf-8f52-0040333594a3>
 array FLOAT matrix[16];
}

template FrameTransformMatrix {
 <f6f23f41-7686-11cf-8f52-0040333594a3>
 Matrix4x4 frameMatrix;
}

template Vector {
 <3d82ab5e-62da-11cf-ab39-0020af71e433>
 FLOAT x;
 FLOAT y;
 FLOAT z;
}

template MeshFace {
 <3d82ab5f-62da-11cf-ab39-0020af71e433>
 DWORD nFaceVertexIndices;
 array DWORD faceVertexIndices[nFaceVertexIndices];
}

template Mesh {
 <3d82ab44-62da-11cf-ab39-0020af71e433>
 DWORD nVertices;
 array Vector vertices[nVertices];
 DWORD nFaces;
 array MeshFace faces[nFaces];
 [...]
}

template MeshNormals {
 <f6f23f43-7686-11cf-8f52-0040333594a3>
 DWORD nNormals;
 array Vector normals[nNormals];
 DWORD nFaceNormals;
 array MeshFace faceNormals[nFaceNormals];
}

template MeshMaterialList {
 <f6f23f42-7686-11cf-8f52-0040333594a3>
 DWORD nMaterials;
 DWORD nFaceIndexes;
 array DWORD faceIndexes[nFaceIndexes];
 [Material <3d82ab4d-62da-11cf-ab39-0020af71e433>]
}

template Coords2d {
 <f6f23f44-7686-11cf-8f52-0040333594a3>
 FLOAT u;
 FLOAT v;
}

template MeshTextureCoords {
 <f6f23f40-7686-11cf-8f52-0040333594a3>
 DWORD nTextureCoords;
 array Coords2d textureCoords[nTextureCoords];
}

template XSkinMeshHeader {
 <3cf169ce-ff7c-44ab-93c0-f78f62d172e2>
 WORD nMaxSkinWeightsPerVertex;
 WORD nMaxSkinWeightsPerFace;
 WORD nBones;
}

template SkinWeights {
 <6f0d123b-bad2-4167-a0d0-80224f25fabb>
 STRING transformNodeName;
 DWORD nWeights;
 array DWORD vertexIndices[nWeights];
 array FLOAT weights[nWeights];
 Matrix4x4 matrixOffset;
}

template AnimTicksPerSecond {
 <9e415a43-7ba6-4a73-8743-b73d47e88476>
 DWORD AnimTicksPerSecond;
}

template Animation {
 <3d82ab4f-62da-11cf-ab39-0020af71e433>
 [...]
}

template AnimationSet {
 <3d82ab50-62da-11cf-ab39-0020af71e433>
 [Animation <3d82ab4f-62da-11cf-ab39-0020af71e433>]
}

template FloatKeys {
 <10dd46a9-775b-11cf-8f52-0040333594a3>
 DWORD nValues;
 array FLOAT values[nValues];
}

template TimedFloatKeys {
 <f406b180-7b3b-11cf-8f52-0040333594a3>
 DWORD time;
 FloatKeys tfkeys;
}

template AnimationKey {
 <10dd46a8-775b-11cf-8f52-0040333594a3>
 DWORD keyType;
 DWORD nKeys;
 array TimedFloatKeys keys[nKeys];
}


Material Material__71 {
 0.588000;0.588000;0.588000;1.000000;;
 10.000000;
 0.000000;0.000000;0.000000;;
 0.000000;0.000000;0.000000;;

 TextureFilename {
  "data/MODEL/SD_utc_all2.tga";
 }
}

Material Material__69 {
 0.588000;0.588000;0.588000;1.000000;;
 10.000000;
 0.000000;0.000000;0.000000;;
 0.000000;0.000000;0.000000;;

 TextureFilename {
  "data/MODEL/SD_utc_all2.tga";
 }
}

Material Material__70 {
 0.588000;0.588000;0.588000;1.000000;;
 10.000000;
 0.000000;0.000000;0.000000;;
 0.000000;0.000000;0.000000;;

 TextureFilename {
  "data/MODEL/SD_utc_all2.tga";
 }
}

Material Material__73 {
 0.588000;0.588000;0.588000;1.000000;;
 10.000000;
 0.000000;0.000000;0.000000;;
 0.000000;0.000000;0.000000;;

 TextureFilename {
  "data/MODEL/SD_utc_all2.tga";
 }
}

Material Material__72 {
 0.588000;0.588000;0.588000;1.000000;;
 10.000000;
 0.000000;0.000000;0.000000;;
 0.000000;0.000000;0.000000;;

 TextureFilename {
  "data/MODEL/SD_utc_all2.tga";
 }
}

Material Material__74 {
 0.588000;0.588000;0.588000;1.000000;;
 10.000000;
 0.000000;0.000000;0.000000;;
 0.000000;0.000000;0.000000;;

 TextureFilename {
  "data/MODEL/SD_utc_all2.tga";
 }
}

Material Prop_03 {
 0.588000;0.588000;0.588000;1.000000;;
 0.999999;
 0.000000;0.000000;0.000000;;
 0.000000;0.000000;0.000000;;

 TextureFilename {
  "data/MODEL/Prop_03_DiffuseColor.bmp";
 }
}

Frame Character1_Reference {
 

 FrameTransformMatrix {
  0.200782,-0.030394,-0.337288,0.000000,-0.338278,-0.036503,-0.198081,0.000000,-0.015980,0.390825,-0.044731,0.000000,2.544437,-3.524484,2.658269,1.000000;;
 }

 Frame Character1_Hips {
  

  FrameTransformMatrix {
   1.000000,-0.000000,0.000000,0.000000,-0.000000,-0.000000,1.000000,0.000000,-0.000000,-1.000000,-0.000000,0.000000,0.000000,4.912037,41.803360,1.000000;;
  }

  Frame Character1_RightUpLeg {
   

   FrameTransformMatrix {
    0.672056,-0.369758,-0.641577,0.000000,0.684544,0.640620,0.347858,0.000000,0.282383,-0.672968,0.683648,0.000000,-9.838917,-6.464706,0.020456,1.000000;;
   }

   Frame Character1_RightLeg {
    

    FrameTransformMatrix {
     0.928464,-0.356310,0.104873,0.000000,0.328080,0.654378,-0.681288,0.000000,0.174124,0.666958,0.724465,0.000000,0.000000,-15.186392,2.183430,1.000000;;
    }

    Frame Character1_RightFoot {
     

     FrameTransformMatrix {
      0.683758,0.711677,-0.161214,0.000000,-0.729530,0.671580,-0.129483,0.000000,0.016118,0.206146,0.978389,0.000000,-0.000004,-16.433216,3.391639,1.000000;;
     }
    }
   }

   Frame J_R_knee {
    

    FrameTransformMatrix {
     1.000000,-0.000000,0.000000,0.000000,0.000000,1.000000,-0.000000,0.000000,0.000000,0.000000,1.000000,0.000000,0.000000,-15.356182,2.212159,1.000000;;
    }
   }
  }

  Frame Character1_LeftUpLeg {
   

   FrameTransformMatrix {
    0.493215,-0.031693,0.869330,0.000000,-0.867163,0.061405,0.494225,0.000000,-0.069045,-0.997610,0.002802,0.000000,9.838928,-6.464726,0.020465,1.000000;;
   }

   Frame Character1_LeftLeg {
    

    FrameTransformMatrix {
     0.948424,-0.092812,-0.303113,0.000000,-0.255346,0.342960,-0.903978,0.000000,0.187856,0.934754,0.301573,0.000000,0.000000,-15.186347,2.183420,1.000000;;
    }

    Frame Character1_LeftFoot {
     

     FrameTransformMatrix {
      0.955866,-0.286965,0.063011,0.000000,0.293005,0.946879,-0.132545,0.000000,-0.021628,0.145158,0.989172,0.000000,-0.000002,-16.433227,3.391640,1.000000;;
     }
    }

    Frame J_L_knee {
     

     FrameTransformMatrix {
      1.000000,0.000000,0.000000,0.000000,0.000000,1.000000,0.000000,0.000000,-0.000000,-0.000000,1.000000,0.000000,0.000001,-0.169812,0.028730,1.000000;;
     }
    }
   }
  }

  Frame J_L_Skirt_00 {
   

   FrameTransformMatrix {
    1.000000,0.000000,-0.000000,0.000000,0.000000,0.984808,0.173648,0.000000,0.000000,-0.173648,0.984808,0.000000,8.367218,1.576828,-5.437759,1.000000;;
   }

   Frame J_L_Skirt_01 {
    

    FrameTransformMatrix {
     1.000000,0.000000,-0.000000,0.000000,0.000000,1.000000,-0.000000,0.000000,0.000000,0.000000,1.000000,0.000000,0.000000,-6.016924,0.000000,1.000000;;
    }
   }
  }

  Frame J_R_Skirt_00 {
   

   FrameTransformMatrix {
    1.000000,0.000000,-0.000000,0.000000,0.000000,0.984808,0.173648,0.000000,0.000000,-0.173648,0.984808,0.000000,-8.367226,1.576878,-5.437761,1.000000;;
   }

   Frame J_R_Skirt_01 {
    

    FrameTransformMatrix {
     1.000000,0.000000,-0.000000,0.000000,0.000000,1.000000,-0.000000,0.000000,0.000000,0.000000,1.000000,0.000000,0.000001,-6.016977,0.000010,1.000000;;
    }
   }
  }

  Frame J_R_SkirtBack_01 {
   

   FrameTransformMatrix {
    1.000000,0.000000,-0.000000,0.000000,0.000000,1.000000,0.000000,0.000000,-0.000000,0.000000,1.000000,0.000000,-6.589423,-1.982010,4.949107,1.000000;;
   }
  }

  Frame J_L_SkirtBack_01 {
   

   FrameTransformMatrix {
    1.000000,0.000000,-0.000000,0.000000,0.000000,1.000000,0.000000,0.000000,-0.000000,0.000000,1.000000,0.000000,6.589425,-1.981934,4.949107,1.000000;;
   }
  }

  Frame Character1_Spine {
   

   FrameTransformMatrix {
    0.995239,-0.012184,0.096699,0.000000,0.029243,0.983773,-0.177024,0.000000,-0.092973,0.179009,0.979445,0.000000,0.000000,0.153988,-0.017591,1.000000;;
   }

   Frame Character1_Spine1 {
    

    FrameTransformMatrix {
     0.997342,0.067026,0.028590,0.000000,-0.065689,0.996808,-0.045374,0.000000,-0.031540,0.043375,0.998561,0.000000,0.000000,4.283529,0.000001,1.000000;;
    }

    Frame Character1_Spine2 {
     

     FrameTransformMatrix {
      0.998579,0.045211,0.028208,0.000000,-0.044482,0.998673,-0.025960,0.000000,-0.029344,0.024669,0.999265,0.000000,-0.000000,4.127571,0.015314,1.000000;;
     }

     Frame Character1_RightShoulder {
      

      FrameTransformMatrix {
       0.993394,0.007896,-0.114482,0.000000,-0.001204,0.998292,0.058407,0.000000,0.114748,-0.057884,0.991707,0.000000,-2.673147,10.265480,4.695328,1.000000;;
      }

      Frame Character1_RightArm {
       

       FrameTransformMatrix {
        0.908434,0.408375,-0.089315,0.000000,-0.386041,0.737583,-0.554025,0.000000,-0.160373,0.537774,0.827695,0.000000,-4.694744,0.366837,-0.030061,1.000000;;
       }

       Frame Character1_RightForeArm {
        

        FrameTransformMatrix {
         0.467741,-0.752339,0.463901,0.000000,0.211382,0.604841,0.767779,0.000000,-0.858217,-0.261062,0.441940,0.000000,-11.878667,-0.000055,0.000000,1.000000;;
        }

        Frame Character1_RightHand {
         

         FrameTransformMatrix {
          0.913329,-0.011361,0.407065,0.000000,-0.300928,0.654641,0.693460,0.000000,-0.274360,-0.755854,0.594484,0.000000,-11.270627,-0.000095,-0.000011,1.000000;;
         }

         Frame Character1_RightHandThumb1 {
          

          FrameTransformMatrix {
           0.625418,0.779253,0.040212,0.000000,0.492457,-0.354215,-0.794996,0.000000,-0.605259,0.517007,-0.605281,0.000000,-1.643689,-1.747292,-1.568380,1.000000;;
          }

          Frame Character1_RightHandThumb2 {
           

           FrameTransformMatrix {
            0.974074,0.030751,-0.224131,0.000000,-0.138330,0.864896,-0.482514,0.000000,0.179012,0.501008,0.846726,0.000000,-1.750158,-0.000051,0.000015,1.000000;;
           }

           Frame Character1_RightHandThumb3 {
            

            FrameTransformMatrix {
             0.896415,0.440376,0.050103,0.000000,-0.428638,0.832615,0.350744,0.000000,0.112743,-0.335888,0.935130,0.000000,-1.031618,-0.000015,0.000050,1.000000;;
            }
           }
          }
         }

         Frame Character1_RightHandIndex1 {
          

          FrameTransformMatrix {
           0.573475,0.817813,0.048040,0.000000,-0.817684,0.575005,-0.027599,0.000000,-0.050195,-0.023454,0.998464,0.000000,-4.697765,0.259842,-2.218210,1.000000;;
          }

          Frame Character1_RightHandIndex2 {
           

           FrameTransformMatrix {
            0.395833,0.917437,0.040326,0.000000,-0.913152,0.397878,-0.088579,0.000000,-0.097310,-0.001761,0.995253,0.000000,-1.422733,-0.000015,0.000010,1.000000;;
           }
          }
         }

         Frame Character1_RightHandMiddle1 {
          

          FrameTransformMatrix {
           0.466749,0.879680,0.091154,0.000000,-0.879411,0.472571,-0.057563,0.000000,-0.093714,-0.053295,0.994172,0.000000,-5.140949,0.610695,-0.634630,1.000000;;
          }

          Frame Character1_RightHandMiddle2 {
           

           FrameTransformMatrix {
            0.095538,0.994922,0.031653,0.000000,-0.990408,0.098197,-0.097207,0.000000,-0.099822,-0.022062,0.994761,0.000000,-1.678076,0.000008,-0.000008,1.000000;;
           }
          }
         }

         Frame Character1_RightHandRing1 {
          

          FrameTransformMatrix {
           0.301171,0.953541,0.007532,0.000000,-0.950520,0.300830,-0.077545,0.000000,-0.076208,0.016195,0.996960,0.000000,-4.934023,0.412552,0.888916,1.000000;;
          }

          Frame Character1_RightHandRing2 {
           

           FrameTransformMatrix {
            0.287932,0.956721,0.042194,0.000000,-0.957190,0.288881,-0.018310,0.000000,-0.029707,-0.035116,0.998942,0.000000,-1.306175,0.000017,0.000002,1.000000;;
           }
          }
         }

         Frame Character1_RightHandPinky1 {
          

          FrameTransformMatrix {
           0.160475,0.980383,0.114445,0.000000,-0.977414,0.173992,-0.119952,0.000000,-0.137511,-0.092611,0.986161,0.000000,-4.635408,0.095024,2.260199,1.000000;;
          }

          Frame Character1_RightHandPinky2 {
           

           FrameTransformMatrix {
            0.581992,0.812601,0.031062,0.000000,-0.812829,0.582451,-0.007727,0.000000,-0.024371,-0.020751,0.999487,0.000000,-0.959961,0.000111,0.000008,1.000000;;
           }
          }
         }
        }

        Frame J_R_Elbow {
         

         FrameTransformMatrix {
          0.999354,0.001664,-0.035888,0.000000,-0.001197,0.999914,0.013046,0.000000,0.035907,-0.012994,0.999271,0.000000,0.022071,-0.007992,0.468899,1.000000;;
         }
        }

        Frame J_R_ForeArm_00_tw {
         

         FrameTransformMatrix {
          1.000000,-0.000782,-0.000053,0.000000,0.000783,0.999689,0.024933,0.000000,0.000033,-0.024933,0.999689,0.000000,-10.890934,-0.038063,0.009290,1.000000;;
         }
        }

        Frame J_R_Sode_A00 {
         

         FrameTransformMatrix {
          0.981648,-0.016377,0.189997,0.000000,0.013510,0.999775,0.016379,0.000000,-0.190222,-0.013512,0.981648,0.000000,-1.625394,-0.456379,-4.258907,1.000000;;
         }
        }

        Frame J_R_Sode_D00 {
         

         FrameTransformMatrix {
          0.977194,0.208060,-0.042445,0.000000,-0.207079,0.977968,0.026390,0.000000,0.047000,-0.016999,0.998750,0.000000,-1.545732,-3.743225,0.009037,1.000000;;
         }
        }

        Frame J_R_Sode_C00 {
         

         FrameTransformMatrix {
          0.979708,-0.009959,-0.200184,0.000000,0.013509,0.999775,0.016380,0.000000,0.199976,-0.018752,0.979621,0.000000,-1.254326,-0.590576,3.626197,1.000000;;
         }
        }

        Frame J_R_Sode_B00 {
         

         FrameTransformMatrix {
          0.944032,-0.326045,-0.049975,0.000000,0.326487,0.945201,0.000721,0.000000,0.047002,-0.016997,0.998750,0.000000,-1.070166,2.043190,0.085134,1.000000;;
         }
        }
       }

       Frame J_R_Arm_00_tw {
        

        FrameTransformMatrix {
         1.000000,0.000173,-0.000000,0.000000,-0.000173,0.999242,0.038929,0.000000,0.000007,-0.038928,0.999242,0.000000,0.061831,0.002911,0.000034,1.000000;;
        }

        Frame J_R_Sode_E00 {
         

         FrameTransformMatrix {
          1.000000,0.000003,0.000000,0.000000,-0.000003,0.999990,-0.004461,0.000000,-0.000000,0.004461,0.999990,0.000000,-2.375826,0.000092,0.000000,1.000000;;
         }
        }
       }
      }
     }

     Frame Character1_Neck {
      

      FrameTransformMatrix {
       0.999439,-0.003608,0.033283,0.000000,0.004721,0.999430,-0.033428,0.000000,-0.033143,0.033566,0.998887,0.000000,0.000000,13.308445,4.726717,1.000000;;
      }

      Frame Character1_Head {
       

       FrameTransformMatrix {
        0.999443,-0.004936,0.033006,0.000000,0.006042,0.999420,-0.033511,0.000000,-0.032822,0.033692,0.998893,0.000000,0.000000,3.046856,-0.804218,1.000000;;
       }

       Frame J_L_HeadRibbon_00 {
        

        FrameTransformMatrix {
         0.834400,-0.548929,-0.049529,0.000000,0.498840,0.713924,0.491397,0.000000,-0.234382,-0.434728,0.869527,0.000000,7.951541,31.364064,-6.875427,1.000000;;
        }

        Frame J_L_HeadRibbon_01 {
         

         FrameTransformMatrix {
          0.949003,0.024136,-0.314342,0.000000,0.296521,-0.407021,0.863950,0.000000,-0.107092,-0.913100,-0.393421,0.000000,-0.000019,24.783677,-0.000023,1.000000;;
         }

         Frame J_L_HeadRibbon_02 {
          

          FrameTransformMatrix {
           0.990314,-0.016374,0.137876,0.000000,0.138507,0.047367,-0.989228,0.000000,0.009667,0.998744,0.049176,0.000000,0.000000,13.667962,0.000008,1.000000;;
          }
         }
        }
       }

       Frame J_R_HeadRibbon_00 {
        

        FrameTransformMatrix {
         0.836366,0.545063,0.058301,0.000000,-0.509262,0.733238,0.450572,0.000000,0.202841,-0.406533,0.890834,0.000000,-7.951537,31.363965,-6.875423,1.000000;;
        }

        Frame J_R_HeadRibbon_01 {
         

         FrameTransformMatrix {
          0.945764,-0.010280,0.324691,0.000000,-0.305689,-0.366386,0.878815,0.000000,0.109928,-0.930407,-0.349658,0.000000,0.000111,24.783768,-0.000099,1.000000;;
         }

         Frame J_R_HeadRibbon_02 {
          

          FrameTransformMatrix {
           0.990314,0.016374,-0.137876,0.000000,-0.138508,0.047372,-0.989228,0.000000,-0.009666,0.998743,0.049181,0.000000,-0.000072,13.668053,0.000114,1.000000;;
          }
         }
        }
       }

       Frame bone_eye_L {
        

        FrameTransformMatrix {
         1.000000,-0.000000,-0.000000,0.000000,-0.000000,1.000000,-0.000000,0.000000,-0.000000,-0.000000,1.000000,0.000000,2.689332,10.205635,4.649832,1.000000;;
        }
       }

       Frame bone_eye_R {
        

        FrameTransformMatrix {
         1.000000,-0.000000,-0.000000,0.000000,-0.000000,1.000000,-0.000000,0.000000,-0.000000,-0.000000,1.000000,0.000000,-2.689328,10.205597,4.649834,1.000000;;
        }
       }

       Frame J_L_HairTail_00 {
        

        FrameTransformMatrix {
         0.920104,0.207389,-0.332263,0.000000,-0.353711,0.804307,-0.477471,0.000000,0.168219,0.556848,0.813402,0.000000,8.453447,7.472477,12.091131,1.000000;;
        }

        Frame J_L_HairTail_01 {
         

         FrameTransformMatrix {
          1.000000,-0.000000,0.000000,0.000000,0.000000,1.000000,-0.000000,0.000000,0.000000,-0.000000,1.000000,0.000000,0.000000,-19.820909,-0.000004,1.000000;;
         }

         Frame J_L_HairTail_02 {
          

          FrameTransformMatrix {
           1.000000,-0.000000,0.000000,0.000000,-0.000000,1.000000,0.000000,0.000000,-0.000000,-0.000000,1.000001,0.000000,-0.000001,-22.249173,0.000023,1.000000;;
          }
         }
        }
       }

       Frame J_R_HairTail_00 {
        

        FrameTransformMatrix {
         0.920104,-0.207389,0.332263,0.000000,0.353711,0.804307,-0.477471,0.000000,-0.168219,0.556848,0.813402,0.000000,-8.453455,7.472355,12.091131,1.000000;;
        }

        Frame J_R_HairTail_01 {
         

         FrameTransformMatrix {
          1.000000,-0.000000,0.000000,0.000000,0.000000,1.000000,0.000000,0.000000,-0.000000,0.000000,1.000000,0.000000,0.000010,-19.820805,0.000095,1.000000;;
         }

         Frame J_R_HairTail_02 {
          

          FrameTransformMatrix {
           1.000000,-0.000000,0.000000,0.000000,-0.000000,1.000000,0.000000,0.000000,-0.000000,0.000000,1.000000,0.000000,0.000043,-22.249266,-0.000042,1.000000;;
          }
         }
        }
       }

       Frame J_L_HairSide_00 {
        

        FrameTransformMatrix {
         0.605947,-0.771250,0.194938,0.000000,0.783435,0.621084,0.022012,0.000000,-0.138050,0.139383,0.980569,0.000000,7.298514,27.946131,-9.341255,1.000000;;
        }

        Frame J_L_HairSide_01 {
         

         FrameTransformMatrix {
          0.761422,-0.633232,0.138758,0.000000,0.640644,0.767747,-0.011804,0.000000,-0.099057,0.097882,0.990256,0.000000,12.410908,-0.000038,0.000006,1.000000;;
         }
        }
       }

       Frame J_R_HairSide_00 {
        

        FrameTransformMatrix {
         0.605947,0.771250,-0.194938,0.000000,-0.783435,0.621084,0.022012,0.000000,0.138050,0.139383,0.980569,0.000000,-7.298513,27.946256,-9.341254,1.000000;;
        }

        Frame J_R_HairSide_01 {
         

         FrameTransformMatrix {
          0.761422,0.633232,-0.138758,0.000000,-0.640644,0.767748,-0.011802,0.000000,0.099058,0.097881,0.990256,0.000000,-12.411087,-0.000111,-0.000019,1.000000;;
         }
        }
       }

       Frame J_L_HairFront_00 {
        

        FrameTransformMatrix {
         0.999667,0.025135,-0.005840,0.000000,-0.024696,0.997521,0.065890,0.000000,0.007481,-0.065724,0.997810,0.000000,-0.047760,28.018064,-10.220730,1.000000;;
        }
       }

       Frame J_R_HairFront_00 {
        

        FrameTransformMatrix {
         0.988937,-0.147478,-0.015950,0.000000,0.148286,0.980022,0.132541,0.000000,-0.003916,-0.133440,0.991049,0.000000,-1.439926,28.018038,-9.940762,1.000000;;
        }
       }

       Frame J_L_HairSide2_00 {
        

        FrameTransformMatrix {
         1.000000,-0.000000,-0.000000,0.000000,-0.000000,1.000000,-0.000000,0.000000,-0.000000,-0.000000,1.000000,0.000000,13.977989,14.276150,-3.265354,1.000000;;
        }
       }

       Frame J_R_HairSide2_00 {
        

        FrameTransformMatrix {
         1.000000,-0.000000,-0.000000,0.000000,-0.000000,1.000000,-0.000000,0.000000,-0.000000,-0.000000,1.000000,0.000000,-13.977981,14.276074,-3.265348,1.000000;;
        }
       }

       Frame _face {
        

        FrameTransformMatrix {
         1.000000,-0.000000,-0.000000,0.000000,0.000000,-0.000000,-1.000000,0.000000,-0.000000,1.000000,-0.000000,0.000000,0.000001,-66.723731,0.991819,1.000000;;
        }

        Mesh _face {
         1217;
         1.372076;6.727702;64.620627;,
         0.808552;7.487944;64.588646;,
         1.633848;7.155459;64.792013;,
         0.716592;7.070730;64.426310;,
         -0.000002;8.015346;64.661933;,
         0.383470;7.671990;64.442355;,
         -0.000002;7.770775;64.379622;,
         0.336689;7.904857;64.695533;,
         9.048234;1.837606;69.342074;,
         9.745215;3.525842;69.461888;,
         10.166692;3.348332;70.435379;,
         0.961719;10.774631;70.300723;,
         0.437421;10.921862;69.185075;,
         0.149719;11.357534;70.591245;,
         -0.000002;11.014084;69.185274;,
         -0.000002;11.094779;83.744742;,
         3.758477;10.601987;83.717600;,
         3.254154;10.403258;80.903616;,
         -0.000002;9.500417;73.631872;,
         1.090006;9.084420;73.497472;,
         -0.000002;9.650742;72.771104;,
         9.765794;0.925203;71.185510;,
         10.992651;3.034369;72.376166;,
         11.061811;0.785589;73.486150;,
         6.188411;7.441590;71.427142;,
         5.109639;7.747646;71.589792;,
         6.194826;7.312432;71.699418;,
         1.696257;7.414029;65.013606;,
         0.858385;7.696834;64.809037;,
         7.431710;7.941803;69.226464;,
         7.240863;7.720134;68.079386;,
         5.972021;8.453268;68.220365;,
         0.168711;11.215314;70.975642;,
         -0.000002;10.267183;71.504474;,
         0.482777;10.219397;71.360582;,
         -0.000002;11.270769;71.028518;,
         10.600235;3.164175;71.590682;,
         10.564587;5.058627;72.062067;,
         9.220609;3.743239;68.481562;,
         9.689779;5.476190;69.401254;,
         -0.000002;11.398751;70.593299;,
         4.758404;5.294416;65.465408;,
         5.045019;6.112166;65.675296;,
         6.310888;5.263963;66.132966;,
         4.639726;8.065177;66.732160;,
         4.227373;7.490690;66.021779;,
         3.041593;8.004658;66.301094;,
         5.787751;8.026141;67.277338;,
         5.549012;7.407198;66.491552;,
         7.001476;3.300157;66.597197;,
         7.505959;4.628024;66.708550;,
         8.452916;4.092135;67.506522;,
         0.418272;8.792854;66.217210;,
         -0.000001;8.765157;66.386950;,
         0.393074;8.690782;66.411590;,
         -0.000002;8.904541;66.180826;,
         0.151733;11.314608;70.811795;,
         -0.000002;11.383113;70.818957;,
         3.037048;9.124398;70.846067;,
         3.302847;9.676398;69.806944;,
         1.990538;10.232354;70.062662;,
         2.020467;10.400444;69.068749;,
         3.230011;9.834404;68.871501;,
         1.069502;10.772906;69.167104;,
         0.427639;9.204042;66.430976;,
         -0.000002;9.413481;66.495821;,
         0.432329;9.334761;66.530765;,
         -0.000002;9.266314;66.398451;,
         0.926473;9.475254;67.052282;,
         1.172668;8.954306;66.616691;,
         0.833478;9.169914;66.561190;,
         1.271332;9.338898;67.068461;,
         0.504939;10.407905;68.005645;,
         -0.000002;10.520597;68.005280;,
         1.658749;9.183951;67.059968;,
         1.836651;9.908017;67.968902;,
         4.683045;10.183052;81.652275;,
         -0.000002;10.017450;77.138944;,
         1.920254;9.288871;76.982790;,
         -0.000002;9.568338;75.154976;,
         3.015939;8.666152;76.516538;,
         1.434264;8.939242;75.040582;,
         0.879543;9.326874;72.598458;,
         0.648376;9.743783;71.871366;,
         4.746925;8.508926;70.530733;,
         3.099141;8.689271;71.390566;,
         4.876121;8.095602;71.159034;,
         -0.000002;10.743198;79.784768;,
         2.888660;10.083596;79.276083;,
         3.638662;9.229550;77.846438;,
         6.213054;7.970050;70.344538;,
         7.447354;7.579674;70.276198;,
         6.099288;8.533329;69.355731;,
         12.905628;4.598607;79.878278;,
         12.454507;4.647186;78.157882;,
         11.945142;6.237804;78.464922;,
         9.547070;6.104764;71.222342;,
         9.456697;6.287784;70.292352;,
         8.529107;7.084814;70.275782;,
         9.150881;6.519019;69.242381;,
         8.164712;6.958150;68.090810;,
         8.406954;7.254035;69.180026;,
         5.220468;6.769542;65.956774;,
         9.715946;6.033887;71.957318;,
         10.212705;5.897978;72.842310;,
         9.148074;6.307290;71.775987;,
         0.838907;7.953896;65.251290;,
         1.723129;7.689920;65.464083;,
         0.474777;9.645783;67.022483;,
         -0.000002;9.761807;66.983763;,
         1.331947;9.776485;71.162080;,
         4.581426;9.158071;68.570950;,
         3.772116;9.070619;67.733210;,
         8.535398;5.851200;67.687904;,
         7.778486;6.039946;67.059584;,
         7.985278;2.536330;67.600339;,
         6.990819;7.246668;67.166221;,
         2.771888;9.517150;67.893472;,
         12.065108;6.570071;80.209587;,
         8.785602;6.482686;72.093843;,
         9.247478;6.341289;72.715552;,
         7.520131;9.701542;83.255763;,
         7.457181;9.674273;85.746016;,
         10.311598;8.623812;84.180755;,
         9.948691;6.103352;73.189875;,
         10.317640;6.216422;74.371520;,
         5.151397;7.542038;71.817702;,
         6.211786;7.592035;71.052275;,
         2.472549;8.480474;74.822778;,
         3.247822;8.226126;74.671418;,
         1.957177;8.701391;73.332000;,
         7.333960;6.942592;71.691104;,
         0.354756;8.420294;65.597818;,
         -0.000002;8.278277;65.128230;,
         -0.000002;8.530847;65.535264;,
         0.334362;8.147490;65.181363;,
         0.836148;8.563615;65.970387;,
         0.416562;8.701232;65.893146;,
         0.816577;8.321862;65.697472;,
         2.385779;8.911405;67.004250;,
         8.548710;0.889738;69.154816;,
         8.408159;0.957011;68.959552;,
         9.048158;1.472626;69.430656;,
         8.074937;1.206582;68.346362;,
         8.603970;2.016061;68.495667;,
         7.354592;1.812983;67.422797;,
         6.503393;2.641084;66.580813;,
         5.632334;3.515036;65.959693;,
         4.409603;4.715464;65.401504;,
         2.742944;5.868464;64.944640;,
         0.337845;7.255029;64.284230;,
         3.030650;7.037445;65.301939;,
         3.038374;7.487154;65.724141;,
         -0.000002;8.798659;65.856826;,
         -0.000002;9.856553;72.039674;,
         4.615905;9.138418;69.587578;,
         4.630885;8.648948;67.519334;,
         1.717650;8.018482;65.900186;,
         1.637885;8.361780;66.261235;,
         2.292390;8.453466;66.522688;,
         1.055243;10.226518;68.010765;,
         7.453548;9.534478;81.634707;,
         10.296382;5.091892;71.375181;,
         9.974186;5.253312;70.320832;,
         10.952480;4.963060;72.978291;,
         9.202137;5.675221;68.474259;,
         6.636877;6.353687;66.449843;,
         2.957713;6.539768;65.046547;,
         3.450888;8.564683;66.954163;,
         6.029670;4.165744;66.007789;,
         1.209984;8.396076;66.517728;,
         1.267379;8.493049;66.418445;,
         1.192081;8.400656;66.519136;,
         1.413439;8.516859;66.519373;,
         -0.000001;8.765157;66.386950;,
         0.393074;8.690782;66.411590;,
         4.621312;7.693663;72.000986;,
         3.918383;8.062260;74.540998;,
         3.150057;8.192659;73.100205;,
         4.102453;7.836550;72.983386;,
         3.118286;8.379993;72.217222;,
         1.685889;8.993910;72.423174;,
         3.608878;8.445298;76.256947;,
         3.973586;8.272474;75.613376;,
         4.497357;7.870450;71.822304;,
         8.413931;6.622572;71.506522;,
         8.240419;6.651606;71.797965;,
         7.335989;7.020893;71.384352;,
         7.380073;7.131472;71.067885;,
         4.313344;7.789685;72.350304;,
         0.823842;9.036193;66.465683;,
         0.753710;8.537855;66.453459;,
         0.432329;9.334761;66.530765;,
         1.144386;8.808991;66.534234;,
         1.001632;8.455655;66.480992;,
         0.753710;8.537855;66.453459;,
         0.811575;8.655762;66.277926;,
         1.084458;8.535057;66.363808;,
         0.839329;8.664672;66.133408;,
         1.154275;8.536544;66.221939;,
         1.001632;8.455655;66.480992;,
         0.836148;8.563615;65.970387;,
         0.422933;8.803568;66.056269;,
         0.416562;8.701232;65.893146;,
         -0.000002;7.315251;64.239546;,
         1.172668;8.954306;66.616691;,
         1.390711;8.677778;66.575507;,
         1.520742;8.749957;66.646291;,
         1.357914;8.495379;66.296954;,
         1.550180;8.509095;66.436224;,
         0.833478;9.169914;66.561190;,
         -0.000002;9.413481;66.495821;,
         1.213691;8.427198;66.084006;,
         1.637885;8.361780;66.261235;,
         1.777910;8.589418;66.579821;,
         1.520742;8.749957;66.646291;,
         1.483658;9.316106;71.714221;,
         -0.000002;8.900990;66.030822;,
         -0.000002;8.798659;65.856826;,
         11.445690;2.871318;73.350746;,
         12.155899;0.864234;75.485466;,
         12.141433;2.556044;75.324486;,
         12.875202;2.348014;77.631674;,
         11.449267;4.878989;74.328922;,
         11.896620;4.739304;75.794381;,
         11.049735;6.404206;76.493338;,
         11.719553;6.012473;77.130022;,
         11.352590;5.877575;75.823379;,
         4.529984;9.643930;79.404448;,
         -0.000002;10.690427;86.892000;,
         3.794342;10.483866;86.567802;,
         10.687022;6.216768;75.315245;,
         10.901458;5.816439;74.315251;,
         5.345672;8.807030;77.839507;,
         9.699628;7.905064;79.105306;,
         10.954252;7.425232;79.664307;,
         10.988670;6.922490;78.373152;,
         6.383737;9.168942;79.577165;,
         8.092702;8.621071;79.383117;,
         6.924332;8.662721;78.449094;,
         9.076305;8.059898;78.471795;,
         6.135405;8.749514;78.172179;,
         3.890605;8.698587;76.969075;,
         4.168006;8.756076;77.225389;,
         3.725799;8.603655;76.634874;,
         10.125915;7.449290;78.037850;,
         9.628829;7.770522;78.292915;,
         10.512236;7.098480;77.665248;,
         8.003227;8.472798;78.625971;,
         10.960193;6.717098;77.358419;,
         1.777910;8.589418;66.579821;,
         1.192081;8.400656;66.519136;,
         1.213691;8.427198;66.084006;,
         12.169821;6.673789;82.089651;,
         11.172782;7.655620;81.527379;,
         8.541070;6.636822;71.183610;,
         10.115518;8.510469;82.331507;,
         9.872438;8.283322;80.375552;,
         -0.000002;4.209852;64.932314;,
         0.716592;7.070730;64.426310;,
         0.446784;4.145748;64.984614;,
         0.337845;7.255029;64.284230;,
         -0.000002;7.315251;64.239546;,
         2.742944;5.868464;64.944640;,
         1.372076;6.727702;64.620627;,
         1.926786;3.383710;65.502157;,
         4.409603;4.715464;65.401504;,
         5.632334;3.515036;65.959693;,
         4.431907;1.071549;67.187942;,
         6.503393;2.641084;66.580813;,
         7.354592;1.812983;67.422797;,
         3.280922;-0.366896;67.527341;,
         2.702684;0.927616;66.674989;,
         7.126745;-1.062082;70.021536;,
         4.565932;-1.342630;68.792186;,
         5.572506;-0.004604;68.264755;,
         8.074937;1.206582;68.346362;,
         -0.000001;-2.259526;67.710925;,
         1.682200;-1.375689;67.140090;,
         1.934119;-1.500560;67.651110;,
         -0.000001;-2.140089;67.295181;,
         3.243313;2.247308;66.256506;,
         8.517878;0.092024;70.074733;,
         9.352033;-1.273524;72.725581;,
         8.408159;0.957011;68.959552;,
         10.170729;6.870630;76.273882;,
         10.651991;7.431494;76.313453;,
         10.463030;6.885123;75.220954;,
         2.964136;8.564431;75.538643;,
         3.247279;8.454466;75.779437;,
         3.492518;8.573502;75.618106;,
         10.960193;6.717098;77.358419;,
         11.723281;6.228317;77.177818;,
         11.019141;6.892141;76.707309;,
         4.754476;8.412974;76.364486;,
         4.312579;9.095256;76.567040;,
         4.580293;9.183409;76.866931;,
         10.074210;6.535583;75.284941;,
         10.180262;6.534911;74.388339;,
         4.461747;8.334344;75.983328;,
         3.880135;8.759482;75.798963;,
         4.124787;8.950236;76.227661;,
         5.627224;9.244698;77.409677;,
         11.049735;6.404206;76.493338;,
         10.390761;7.719198;76.930182;,
         9.946145;7.147216;76.695699;,
         9.842527;8.076768;77.381126;,
         10.512236;7.098480;77.665248;,
         8.952881;8.480737;77.760851;,
         8.102001;8.811732;77.906291;,
         9.254330;8.202993;78.027014;,
         3.725799;8.603655;76.634874;,
         8.102001;8.811732;77.906291;,
         6.981660;9.085957;77.809440;,
         8.248296;8.749056;78.331642;,
         4.119409;8.887322;76.802432;,
         9.684678;6.308727;73.537446;,
         10.317640;6.216422;74.371520;,
         3.544282;8.317503;75.500883;,
         3.973586;8.272474;75.613363;,
         4.168006;8.756076;77.225389;,
         3.890605;8.698587;76.969075;,
         3.155680;8.879033;76.481344;,
         3.646935;8.858250;76.612998;,
         3.484178;8.679598;76.520749;,
         3.578344;8.747234;76.761811;,
         3.698067;8.682949;75.985370;,
         3.327286;8.484157;76.006278;,
         3.330490;8.598555;75.904122;,
         3.608878;8.445298;76.256947;,
         2.884048;8.640034;75.826848;,
         5.007509;10.308858;81.205005;,
         5.632847;10.256870;82.034317;,
         5.685010;10.185905;81.491546;,
         4.938524;10.390424;81.780090;,
         6.462461;10.049097;82.232026;,
         6.488638;9.998718;81.735283;,
         4.050663;9.175020;77.714080;,
         4.903483;9.129414;77.976250;,
         4.096530;9.115588;77.624704;,
         4.861830;9.205580;78.117472;,
         5.710293;9.182810;78.472960;,
         5.737864;9.081258;78.276858;,
         7.184959;8.922086;78.761510;,
         6.555041;8.999288;78.524480;,
         6.541445;9.077507;78.680902;,
         7.196632;8.872970;78.654810;,
         3.676458;10.468908;80.393530;,
         4.180214;10.475923;81.258067;,
         4.292919;10.416431;80.801626;,
         3.579804;10.508090;80.689402;,
         8.005815;9.566947;82.264390;,
         7.238511;9.789023;81.904186;,
         7.281283;9.822451;82.324685;,
         7.985720;9.549041;82.003309;,
         3.047868;10.474611;79.927526;,
         8.611534;9.276194;82.060122;,
         3.607617;9.119998;77.451162;,
         7.707210;8.737509;78.723187;,
         6.951418;8.295549;77.268896;,
         6.981660;9.085957;77.809440;,
         7.852718;8.082576;77.405344;,
         8.780450;7.763816;77.328941;,
         5.345672;8.807030;77.839507;,
         10.687022;6.216768;75.315245;,
         9.061495;8.610602;78.363942;,
         9.254330;8.202993;78.027014;,
         8.003227;8.472798;78.625971;,
         9.015574;8.331146;78.689453;,
         8.941178;8.605501;78.640493;,
         10.952115;7.419092;78.027418;,
         10.452005;7.580024;77.751962;,
         10.472113;7.392974;78.021779;,
         10.068999;7.754430;77.664384;,
         8.248296;8.749056;78.331642;,
         6.924332;8.662721;78.449094;,
         9.557987;8.349530;78.482816;,
         9.806374;8.537410;79.086701;,
         3.314875;6.120362;74.258106;,
         6.703463;5.621227;74.452474;,
         3.675938;5.906585;72.224832;,
         10.169566;5.149630;76.454086;,
         10.662455;5.653812;74.801280;,
         10.025242;4.914717;74.789792;,
         11.012820;5.936330;76.425459;,
         5.010110;6.747110;79.392115;,
         3.045193;8.099373;79.262835;,
         4.687173;8.185495;80.225235;,
         3.520268;6.643960;78.405818;,
         9.855494;5.626732;72.867590;,
         9.303578;4.898806;72.501990;,
         6.106262;5.446378;71.571450;,
         7.300077;6.707309;70.687469;,
         6.120826;6.968818;70.683802;,
         7.565485;5.185588;71.698336;,
         6.807922;5.991644;76.940794;,
         3.189698;6.359046;76.546803;,
         7.800832;6.213608;79.601728;,
         9.222083;5.848683;79.094842;,
         2.434252;7.837098;74.295456;,
         2.374466;7.961296;75.954163;,
         4.026332;7.481036;71.216448;,
         2.620529;7.656791;72.583072;,
         6.251045;6.569666;79.565133;,
         2.392180;8.093386;77.606982;,
         8.420026;4.989033;71.877229;,
         9.156749;6.134043;71.341056;,
         4.102451;7.836550;72.983366;,
         4.313344;7.789685;72.350304;,
         4.759581;7.356921;70.920352;,
         4.313344;7.789685;72.350304;,
         4.621312;7.693662;72.000947;,
         5.151397;7.542038;71.817702;,
         6.194817;7.312430;71.699392;,
         7.333960;6.942592;71.691104;,
         8.386446;6.386600;70.877184;,
         8.240419;6.651606;71.797965;,
         8.785603;6.482686;72.093824;,
         9.247480;6.341288;72.715546;,
         9.684678;6.308724;73.537421;,
         9.959970;6.348975;74.480531;,
         10.074210;6.535583;75.284941;,
         10.170729;6.870630;76.273882;,
         10.848927;6.392002;78.178029;,
         9.946145;7.147216;76.695699;,
         9.946145;7.147216;76.695699;,
         9.426244;7.469769;77.005453;,
         9.341469;7.229426;79.448685;,
         8.780450;7.763816;77.328941;,
         7.852718;8.082576;77.405344;,
         8.088381;7.674601;80.568749;,
         6.370237;8.098121;80.557216;,
         6.951418;8.295549;77.268896;,
         5.697487;8.436114;76.885421;,
         4.754476;8.412974;76.364486;,
         4.754476;8.412974;76.364486;,
         4.461747;8.334344;75.983328;,
         3.973586;8.272475;75.613357;,
         3.918377;8.062262;74.541024;,
         9.887198;5.540177;78.270950;,
         4.814295;5.656680;71.644269;,
         8.785603;6.482686;72.093824;,
         5.697487;8.436114;76.885421;,
         6.453259;9.164048;77.659315;,
         6.236473;8.962338;77.948646;,
         6.667067;9.433161;78.152544;,
         6.236473;8.962338;77.948646;,
         6.603046;9.279754;77.877472;,
         6.453259;9.164048;77.659315;,
         5.627224;9.244698;77.409677;,
         6.172351;9.338928;77.768077;,
         9.557987;8.349530;78.482816;,
         9.254330;8.202993;78.027014;,
         10.125915;7.449290;78.037850;,
         10.512236;7.098480;77.665248;,
         10.472113;7.392974;78.021779;,
         10.960193;6.717098;77.358419;,
         11.049735;6.404206;76.493338;,
         11.723281;6.228317;77.177818;,
         9.959970;6.348975;74.480531;,
         9.076305;8.059898;78.471795;,
         8.003227;8.472798;78.625971;,
         10.125915;7.449290;78.037850;,
         9.628829;7.770522;78.292915;,
         9.426244;7.469769;77.005453;,
         10.952115;7.419092;78.027418;,
         6.453259;9.164048;77.659315;,
         12.155899;0.864234;75.485466;,
         12.971924;-0.161650;75.931718;,
         12.421965;-0.814434;73.451821;,
         11.061811;0.785589;73.486150;,
         9.765794;0.925203;71.185510;,
         8.548710;0.889738;69.154816;,
         9.560637;0.705494;69.040378;,
         9.001804;0.318725;68.997766;,
         9.048158;1.472626;69.430656;,
         13.033580;-1.451805;75.700582;,
         14.022493;-1.776073;74.834061;,
         13.635846;-1.010838;75.756845;,
         13.372248;-2.078884;74.864314;,
         13.065964;-2.243073;71.732896;,
         14.050869;-1.978948;73.275264;,
         13.443110;-2.351402;73.357997;,
         13.614274;-1.830545;71.725805;,
         12.522626;-0.505035;75.926528;,
